1711605981877 1.7971190746632635 0
1711605981878 1.7123709860131826 0
1711605981879 1.6457628046682498 0
1711605981880 1.5861776672831325 0
1711605981881 1.533984677969304 0
1711605981882 1.4881666891455851 0
1711605981883 1.4517133369884432 0
1711605981884 1.4211532382615537 0
1711605981885 1.395549926890139 0
1711605981886 1.3738440751626508 0
1711605981887 1.3513379192111115 0
1711605981887 1.33295679210964 0
1711605981888 1.3173186862970658 0
1711605981889 1.3026258881472355 0
1711605981890 1.2907031394325208 0
1711605981891 1.2808021175614999 0
1711605981892 1.2700906524416895 0
1711605981893 1.2612492897746026 0
1711605981894 1.2506355786225918 0
1711605981895 1.2441131065007198 0
1711605981896 1.2349211391576917 0
1711605981897 1.2296668174808294 0
1711605981897 1.222996196528254 0
1711605981898 1.2168388689015366 0
1711605981899 1.2111440635281177 0
1711605981900 1.2061220919592397 0
1711605981901 1.2010341307132524 0
1711605981902 1.1948984620986711 0
1711605981903 1.1889972160983102 0
1711605981904 1.1854277982901926 0
1711605981905 1.1827335883053995 0
1711605981906 1.1801320557547275 0
1711605981906 1.1755405399950412 0
1711605981907 1.17234628982479 0
1711605981908 1.1698433989862804 0
1711605981909 1.1669131495675356 0
1711605981910 1.164124483944183 0
1711605981911 1.1612938795364451 0
1711605981912 1.1587399349585774 0
1711605981913 1.156817928696101 0
1711605981914 1.1555957487468715 0
1711605981915 1.153542437250021 0
1711605981915 1.1518960866456092 0
1711605981916 1.1496373494962575 0
1711605981917 1.1461355225661076 0
1711605981918 1.1437931869493392 0
1711605981919 1.1424958851600888 0
1711605981920 1.1404549812087044 0
1711605981921 1.1388179058309251 0
1711605981922 1.1366208934882611 0
1711605981923 1.1343294026960864 0
1711605981924 1.132353213873955 0
1711605981924 1.129751125551452 0
1711605981925 1.1280951420531078 0
1711605981926 1.126109771509715 0
1711605981927 1.1255105631398723 0
1711605981928 1.124543549023109 0
1711605981929 1.12395463918315 0
1711605981930 1.120497787552923 0
1711605981931 1.1197468822591765 0
1711605981932 1.118763830831366 0
1711605981933 1.1179035123676955 0
1711605981933 1.1172429663269423 0
1711605981934 1.1165330199145391 0
1711605981935 1.1158698831876748 0
1711605981936 1.1142223932481485 0
1711605981937 1.112738426488585 0
1711605981938 1.1116392297725017 0
1711605981939 1.1106631797143145 0
1711605981940 1.1095214135335223 0
1711605981941 1.1080809320680176 0
1711605981942 1.1068694970927206 0
1711605981942 1.1057045044145002 0
1711605981943 1.1044738893570631 0
1711605981945 1.1029948647055892 0
1711605981946 1.102153071602492 0
1711605981947 1.1006074912422392 0
1711605981948 1.098266166201333 0
1711605981949 1.0972569485197252 0
1711605981950 1.0960072796360922 0
1711605981951 1.0957176704591496 0
1711605981951 1.0941199850932 0
1711605981952 1.0934262374163441 0
1711605981953 1.0914473312409176 0
1711605981954 1.0898535014016835 0
1711605981955 1.086664323695802 0
1711605981956 1.084666767487598 0
1711605981957 1.0829018371229802 0
1711605981958 1.0815318610323266 0
1711605981959 1.0795552155730836 0
1711605981960 1.078555763260363 0
1711605981960 1.076595267778066 0
1711605981961 1.075559649704894 0
1711605981962 1.0751146183884959 0
1711605981963 1.074748967022418 0
1711605981964 1.0735059895441754 0
1711605981965 1.072545156396585 0
1711605981966 1.0710880963485199 0
1711605981967 1.0708132413209006 0
1711605981968 1.0701721785286207 0
