1711605865737 1.8901245043450494 0
1711605865738 1.8789643901726318 0
1711605865739 1.868783179320314 0
1711605865740 1.858825038005178 0
1711605865741 1.8480134259097587 0
1711605865742 1.838253042292106 0
1711605865743 1.8287007326008629 0
1711605865744 1.8193009487009768 0
1711605865745 1.8101054019007121 0
1711605865745 1.8011262655895421 0
1711605865746 1.7915339954332956 0
1711605865747 1.7832048455840381 0
1711605865748 1.774520784737557 0
1711605865749 1.7661678546196622 0
1711605865750 1.757954169042195 0
1711605865751 1.7510446059998845 0
1711605865751 1.7433998440665728 0
1711605865752 1.7360615862500195 0
1711605865753 1.7285332163023606 0
1711605865754 1.7210074370821646 0
1711605865755 1.7131789315433872 0
1711605865756 1.7056026760416196 0
1711605865756 1.697922110908395 0
1711605865757 1.6905612079546126 0
1711605865758 1.6830003925357229 0
1711605865759 1.6757135400616494 0
1711605865760 1.6687153848058123 0
1711605865761 1.66161399492021 0
1711605865762 1.655060048965411 0
1711605865762 1.648202106570497 0
1711605865763 1.6418665731241453 0
1711605865764 1.63526340993194 0
1711605865765 1.6288064557026585 0
1711605865766 1.622610841770865 0
1711605865767 1.6164915519611238 0
1711605865767 1.6104655460561197 0
1711605865768 1.6044609016280367 0
1711605865769 1.5988134277949275 0
1711605865770 1.5931731107207874 0
1711605865771 1.587524011326737 0
1711605865772 1.5819248026915598 0
1711605865773 1.5763058332009532 0
1711605865773 1.5707364446765284 0
1711605865774 1.5653908620711927 0
1711605865775 1.5601321815370879 0
1711605865776 1.5548381659835868 0
1711605865777 1.5496828111712437 0
1711605865778 1.5446943787597083 0
1711605865778 1.5397388815430917 0
1711605865779 1.5348323380054738 0
1711605865780 1.5301367434109092 0
1711605865781 1.5255068939442604 0
1711605865782 1.5208035799729427 0
1711605865783 1.5162433500032058 0
1711605865784 1.5122737574304015 0
1711605865784 1.5078413986485295 0
1711605865785 1.5036785287688132 0
1711605865786 1.4994748358344614 0
1711605865787 1.4953409020123016 0
1711605865788 1.4911687904211357 0
1711605865789 1.487135459953605 0
1711605865790 1.4831185766774526 0
1711605865790 1.4794860919452522 0
1711605865791 1.4755664183210795 0
1711605865792 1.4719253535864987 0
1711605865793 1.4681416602659068 0
1711605865794 1.464561444916722 0
1711605865795 1.4608520973238577 0
1711605865795 1.4572493711898948 0
1711605865796 1.4537551799308788 0
1711605865797 1.4503812361004338 0
1711605865798 1.446900076769167 0
1711605865799 1.4436658240019342 0
1711605865800 1.4403255606894505 0
1711605865801 1.437201491652125 0
1711605865802 1.4340940025509012 0
1711605865803 1.4309829634339055 0
1711605865804 1.4279023303787397 0
1711605865804 1.4247947690555527 0
1711605865806 1.4218164416996149 0
1711605865807 1.418980476256853 0
1711605865808 1.416064658069731 0
1711605865809 1.4133477697659054 0
1711605865809 1.4105495179193255 0
1711605865810 1.407765047297752 0
1711605865811 1.4051151732313454 0
1711605865812 1.4024640535254465 0
1711605865813 1.3998874122019587 0
1711605865814 1.397208345502208 0
1711605865815 1.394700072230834 0
1711605865816 1.392129164809983 0
1711605865816 1.3897209877680219 0
1711605865817 1.3872953004527222 0
1711605865818 1.385034068802275 0
1711605865819 1.3826734456347973 0
1711605865820 1.3804113303751646 0
1711605865821 1.3781157337523895 0
1711605865823 1.3759126124797785 0
1711605865824 1.373742030833665 0
1711605865824 1.3716939328978404 0
