1711605978703 1.8029640096110864 0
1711605978704 1.724394589136343 0
1711605978705 1.6463625293701387 0
1711605978706 1.5863022471044863 0
1711605978707 1.536321084775099 0
1711605978708 1.490339346463709 0
1711605978709 1.451106310416392 0
1711605978710 1.4191029256590246 0
1711605978711 1.391852546485905 0
1711605978712 1.3685121846779709 0
1711605978713 1.3476109777808023 0
1711605978713 1.331352206054207 0
1711605978714 1.3152121606442484 0
1711605978715 1.3011148774148518 0
1711605978716 1.2875448649159962 0
1711605978717 1.2767410089132956 0
1711605978718 1.2670577921556756 0
1711605978719 1.2589924661471656 0
1711605978720 1.25115599670099 0
1711605978721 1.243111606142051 0
1711605978722 1.2352679036519545 0
1711605978723 1.2276718404132725 0
1711605978723 1.222089262824311 0
1711605978724 1.2166631063076325 0
1711605978725 1.2106992266598033 0
1711605978726 1.2055643957740776 0
1711605978727 1.2008285454244463 0
1711605978729 1.1968725136172516 0
1711605978730 1.192450003477887 0
1711605978731 1.187010148275804 0
1711605978732 1.1823944313810584 0
1711605978733 1.1801415017742274 0
1711605978734 1.1768914164206665 0
1711605978735 1.173388523864456 0
1711605978736 1.1696687276490192 0
1711605978737 1.1655798883543893 0
1711605978738 1.1616689907322248 0
1711605978739 1.1594084118975188 0
1711605978740 1.1567237536702475 0
1711605978741 1.154186642685372 0
1711605978742 1.1521384072874952 0
1711605978743 1.1501559441988858 0
1711605978744 1.1475050108729636 0
1711605978745 1.1446136896917474 0
1711605978746 1.141353896897227 0
1711605978747 1.1402954848075997 0
1711605978748 1.1361580853637774 0
1711605978749 1.134509349138148 0
1711605978749 1.1317209095574354 0
1711605978750 1.130152980216804 0
1711605978751 1.1281504885026057 0
1711605978752 1.1257215987248268 0
1711605978753 1.1234909359668201 0
1711605978754 1.1221104111287006 0
1711605978755 1.1204368576527965 0
1711605978756 1.1182893731955619 0
1711605978757 1.1168148476630528 0
1711605978757 1.1156641512737053 0
1711605978758 1.1138724629314627 0
1711605978759 1.1129342878777346 0
1711605978760 1.1121189571795669 0
1711605978761 1.110275939004134 0
1711605978762 1.109099057345239 0
1711605978763 1.1073657115554707 0
1711605978764 1.1055130328557474 0
1711605978765 1.104893237529512 0
1711605978766 1.1021935805100314 0
1711605978767 1.1016472042649106 0
1711605978767 1.0993560602570849 0
1711605978768 1.0970921383423196 0
1711605978769 1.09617652448173 0
1711605978770 1.0948520730364588 0
1711605978771 1.0937046619793647 0
1711605978773 1.0927336897372102 0
1711605978773 1.09255612103331 0
1711605978774 1.0910665212851407 0
1711605978775 1.0906522517336714 0
1711605978776 1.0896936732881684 0
1711605978777 1.08796735533841 0
1711605978778 1.0868466836773352 0
1711605978779 1.0852951281856242 0
1711605978780 1.0850578927952832 0
1711605978781 1.0836500976290304 0
1711605978782 1.0830078329337283 0
1711605978784 1.0822704053685608 0
1711605978785 1.080817777542378 0
1711605978786 1.0794729801277243 0
1711605978787 1.077813202410083 0
1711605978792 1.0759658979698163 0
1711605978794 1.0749181296117698 0
1711605978795 1.0746870125468722 0
1711605978803 1.0730701489674788 0
1711605978805 1.0720960208864634 0
1711605978806 1.0714558073916483 0
1711605978807 1.0710861661229183 0
1711605978811 1.0708811291883513 0
1711605978812 1.069349269017824 0
1711605978813 1.0680937195836178 0
1711605978815 1.0666344854907492 0
1711605978824 1.064264837014052 0
