1711605902048 1.8540678391289755 0
1711605902049 1.8118936998010622 0
1711605902050 1.7735599435842049 0
1711605902051 1.735096577618487 0
1711605902052 1.7003761284936803 0
1711605902053 1.6709136009254393 0
1711605902053 1.6419730424315018 0
1711605902054 1.6154342751117516 0
1711605902056 1.590783754474613 0
1711605902057 1.568791352501129 0
1711605902059 1.5497661796934399 0
1711605902061 1.5302374194149877 0
1711605902063 1.513437814094285 0
1711605902065 1.4976577835845997 0
1711605902066 1.4835922094952487 0
1711605902068 1.4697500035743138 0
1711605902070 1.4580074784856614 0
1711605902071 1.4464071440264086 0
1711605902073 1.4362165854968116 0
1711605902075 1.4261762990294955 0
1711605902076 1.4162649604803788 0
1711605902078 1.4072047223866706 0
1711605902080 1.3989491129286649 0
1711605902081 1.3911093101920755 0
1711605902083 1.3838675879093458 0
1711605902084 1.3780716744340336 0
1711605902085 1.3716833479921415 0
1711605902087 1.3647496007682154 0
1711605902088 1.3592911492496567 0
1711605902089 1.3548850916773154 0
1711605902090 1.3491586562933167 0
1711605902092 1.3440599316274562 0
1711605902093 1.338351939107538 0
1711605902094 1.3333666409784295 0
1711605902095 1.328805683580768 0
1711605902104 1.3238392042786093 0
1711605902105 1.320224591530364 0
1711605902107 1.315902836752876 0
1711605902108 1.3120217897746211 0
1711605902109 1.307984107190845 0
1711605902110 1.304589435809627 0
1711605902112 1.301603822880563 0
1711605902126 1.2981106619989886 0
1711605902127 1.2953804102117845 0
1711605902129 1.2924259163956195 0
1711605902130 1.2893741157227974 0
1711605902131 1.2858746558477694 0
1711605902133 1.2833171576691602 0
1711605902134 1.2804964900756297 0
1711605902135 1.2781805906939643 0
1711605902136 1.2760964763191605 0
1711605902138 1.2734567911602768 0
1711605902139 1.2702055324674202 0
1711605902140 1.2679756749287672 0
1711605902141 1.265656248183349 0
1711605902142 1.263909998114697 0
1711605902144 1.2615123943787927 0
1711605902151 1.2597478414253658 0
1711605902153 1.257054144949909 0
1711605902154 1.2549389190349964 0
1711605902155 1.2529641074534423 0
1711605902156 1.2510813274447186 0
1711605902158 1.24981325741001 0
1711605902162 1.2480926400979913 0
1711605902165 1.2469055703777725 0
1711605902167 1.2452154274637728 0
1711605902169 1.2428384185950672 0
1711605902170 1.2413865686463361 0
1711605902172 1.2390504639844526 0
1711605902173 1.2376628109673191 0
1711605902174 1.2355494658676818 0
1711605902175 1.234450375002351 0
1711605902177 1.2334584454963897 0
1711605902178 1.2315685722009189 0
1711605902179 1.23039845041861 0
1711605902180 1.2293138939603752 0
1711605902181 1.2277728925750242 0
1711605902183 1.2266993841926157 0
1711605902184 1.224881541810881 0
1711605902185 1.2235647919620078 0
1711605902186 1.2225311501011635 0
1711605902188 1.2212572946938083 0
1711605902189 1.2203884891383683 0
1711605902190 1.2191501750941753 0
1711605902191 1.218376304771257 0
1711605902193 1.21720154414395 0
1711605902194 1.216338695649144 0
1711605902195 1.215473206123267 0
1711605902196 1.2143701115712586 0
1711605902197 1.2128315221774633 0
1711605902198 1.2117873275008495 0
1711605902199 1.2110916295911078 0
1711605902200 1.2103020006308236 0
1711605902201 1.209019956465157 0
1711605902202 1.2080444569417554 0
1711605902203 1.2068070142156235 0
1711605902204 1.2059300630559062 0
1711605902204 1.2046339126073382 0
1711605902206 1.2037930703180197 0
1711605902206 1.203021187760676 0
