1711605958467 1.8097585189392227 0
1711605958469 1.7353475557703844 0
1711605958470 1.6670845495920796 0
1711605958471 1.6116173361210748 0
1711605958472 1.5649417638675553 0
1711605958473 1.525435279892354 0
1711605958475 1.494126290055073 0
1711605958476 1.4662657388307236 0
1711605958477 1.4432785573719082 0
1711605958478 1.423026715202451 0
1711605958479 1.4060874105393102 0
1711605958481 1.3881275351685034 0
1711605958483 1.3751935067451369 0
1711605958484 1.3617913962320145 0
1711605958486 1.350749975182352 0
1711605958487 1.3411016862948717 0
1711605958488 1.3311278535248343 0
1711605958489 1.3229927550112373 0
1711605958491 1.3166066778992933 0
1711605958492 1.3100726138251126 0
1711605958493 1.3028883230618906 0
1711605958494 1.294661006346285 0
1711605958496 1.2887866923069595 0
1711605958497 1.282923911043209 0
1711605958499 1.2779150946348201 0
1711605958500 1.2730672990994538 0
1711605958501 1.2694307882206666 0
1711605958503 1.2645182690943402 0
1711605958504 1.2581917216926721 0
1711605958505 1.2547178336165572 0
1711605958506 1.2521618273634707 0
1711605958507 1.248037031650971 0
1711605958508 1.245196452342127 0
1711605958509 1.2416344802020416 0
1711605958510 1.2368975308123453 0
1711605958511 1.2341953915115025 0
1711605958512 1.2303127608368936 0
1711605958513 1.227511892657 0
1711605958514 1.225126365091115 0
1711605958515 1.2228851839057562 0
1711605958516 1.2210028862469047 0
1711605958517 1.217858173186988 0
1711605958518 1.2159217897390489 0
1711605958518 1.2136827725421666 0
1711605958519 1.2121375314743725 0
1711605958520 1.2105857717276154 0
1711605958521 1.2084422071459289 0
1711605958522 1.206830750046651 0
1711605958523 1.2045085467107166 0
1711605958524 1.2027129204060227 0
1711605958525 1.2005345730677628 0
1711605958526 1.198547239772899 0
1711605958526 1.1974190861829748 0
1711605958527 1.1955741163073608 0
1711605958528 1.1945952793442667 0
1711605958529 1.1928626395971824 0
1711605958530 1.1908162544374397 0
1711605958531 1.1895761288920892 0
1711605958532 1.18890632249469 0
1711605958533 1.1870890982783437 0
1711605958534 1.185878157350564 0
1711605958535 1.1850358171219741 0
1711605958536 1.183611877436448 0
1711605958537 1.182162581748622 0
1711605958538 1.1809380676689685 0
1711605958539 1.180003960278509 0
1711605958540 1.179574403176737 0
1711605958541 1.1788410079338618 0
1711605958542 1.1778009465516217 0
1711605958542 1.1767098056771077 0
1711605958543 1.17636004172184 0
1711605958544 1.17595537093669 0
1711605958545 1.1746666159730679 0
1711605958546 1.1734160900555755 0
1711605958547 1.172367985340755 0
1711605958548 1.1717229325821115 0
1711605958549 1.1708824517412522 0
1711605958550 1.1698756798098657 0
1711605958550 1.1685779309527307 0
1711605958551 1.1681072681908298 0
1711605958552 1.1668131683545941 0
1711605958553 1.1660883026281876 0
1711605958554 1.1652167693154922 0
1711605958555 1.1648222943382045 0
1711605958556 1.1639768291041204 0
1711605958557 1.1630379170808065 0
1711605958558 1.1624375192225507 0
1711605958559 1.1616866354138113 0
1711605958559 1.1606354723100674 0
1711605958560 1.1603975718036201 0
1711605958561 1.1595981503899286 0
1711605958562 1.1585264484437015 0
1711605958563 1.1577091188357271 0
1711605958564 1.1568520103465891 0
1711605958565 1.1562480250124558 0
1711605958566 1.1548991625052214 0
1711605958567 1.154104741598223 0
1711605958568 1.1539191067668393 0
1711605958568 1.152992568180119 0
1711605958569 1.152223207689562 0
