1711605908381 1.8557471448015284 0
1711605908382 1.8151188934818805 0
1711605908383 1.7780595757294326 0
1711605908384 1.739266835072142 0
1711605908385 1.704820327400175 0
1711605908386 1.6734524060564844 0
1711605908387 1.6463898729832156 0
1711605908388 1.62016618205559 0
1711605908389 1.5968628512890803 0
1711605908390 1.5789870299997306 0
1711605908391 1.557264009541379 0
1711605908392 1.5388650078149968 0
1711605908393 1.5213452045087734 0
1711605908393 1.5042726721214728 0
1711605908394 1.4895105890740714 0
1711605908395 1.475784921832047 0
1711605908396 1.4636780148210418 0
1711605908397 1.4518404566141223 0
1711605908398 1.4403538360168575 0
1711605908399 1.430161536236606 0
1711605908400 1.421040315636707 0
1711605908400 1.4120066590848657 0
1711605908401 1.4044974598625297 0
1711605908402 1.3961598383842915 0
1711605908403 1.3883475964940417 0
1711605908404 1.3811299362311042 0
1711605908405 1.3732916148832588 0
1711605908406 1.3663119974877624 0
1711605908407 1.3607265694074206 0
1711605908407 1.3545828000482043 0
1711605908408 1.3487533495858754 0
1711605908409 1.3430492173730346 0
1711605908410 1.3382643317481058 0
1711605908411 1.3333718103052103 0
1711605908412 1.3292586008994096 0
1711605908413 1.3252466514475272 0
1711605908414 1.3209941870918451 0
1711605908415 1.3176497845204245 0
1711605908416 1.313852345111341 0
1711605908417 1.3107655058029208 0
1711605908417 1.3073913045189465 0
1711605908418 1.3039427907361196 0
1711605908419 1.301175292945974 0
1711605908420 1.2973472683713394 0
1711605908421 1.2948101336657192 0
1711605908422 1.2919485478993875 0
1711605908423 1.2897913263095289 0
1711605908424 1.2860014541342955 0
1711605908424 1.283232060500195 0
1711605908425 1.280984914121411 0
1711605908426 1.2776507206791514 0
1711605908427 1.2751503182053765 0
1711605908428 1.2727819259057203 0
1711605908429 1.2710438850253658 0
1711605908430 1.26856001287667 0
1711605908431 1.266862809488633 0
1711605908431 1.2642326134359576 0
1711605908432 1.2623229053099168 0
1711605908433 1.2603241177031 0
1711605908434 1.2590078550545547 0
1711605908435 1.2564765248918799 0
1711605908436 1.2552273828875116 0
1711605908437 1.2536495806449433 0
1711605908438 1.2522193163397133 0
1711605908438 1.2500013505015952 0
1711605908439 1.248400462689175 0
1711605908440 1.246732830670969 0
1711605908441 1.2455584126925032 0
1711605908442 1.2441993292285347 0
1711605908443 1.243169802216327 0
1711605908444 1.241715851841524 0
1711605908444 1.2393543898892392 0
1711605908446 1.2379315494419776 0
1711605908447 1.2367449590149036 0
1711605908447 1.2356967833137913 0
1711605908449 1.2336774563418105 0
1711605908450 1.2324498406889544 0
1711605908451 1.231496875303767 0
1711605908452 1.2298736452306183 0
1711605908453 1.2287175130045775 0
1711605908454 1.2275604995396827 0
1711605908454 1.2265269190405983 0
1711605908455 1.2248806617151142 0
1711605908456 1.223476819019433 0
1711605908457 1.2223174922602504 0
1711605908458 1.2215716948610087 0
1711605908459 1.2205274867335603 0
1711605908460 1.219830479733893 0
1711605908460 1.2188347594240887 0
1711605908461 1.2180776607254056 0
1711605908462 1.217223758027773 0
1711605908463 1.2164813534448622 0
1711605908464 1.2150385379167885 0
1711605908465 1.2138989500638517 0
1711605908466 1.2130229253957407 0
1711605908467 1.2124174387090652 0
1711605908467 1.211311804782508 0
1711605908468 1.2099568392449749 0
1711605908471 1.2092368267016596 0
1711605908471 1.2086138357576703 0
