1711605883297 1.8891499243858125 0
1711605883298 1.8781782385606152 0
1711605883299 1.867336412147369 0
1711605883301 1.8561231120935446 0
1711605883302 1.844799155025082 0
1711605883303 1.8342990794117664 0
1711605883304 1.8239300156242404 0
1711605883305 1.8151206048234267 0
1711605883307 1.8057215666319657 0
1711605883308 1.7955683297674598 0
1711605883309 1.7854163437291366 0
1711605883310 1.7770828490366706 0
1711605883311 1.7673312082287715 0
1711605883311 1.758053959812693 0
1711605883312 1.7489547486927055 0
1711605883313 1.7406002082860645 0
1711605883314 1.7323419323356972 0
1711605883315 1.7240914453742233 0
1711605883316 1.715621025769087 0
1711605883317 1.707356406199206 0
1711605883318 1.6992945515318991 0
1711605883318 1.6907936548826659 0
1711605883319 1.6829235373080689 0
1711605883320 1.675161478725702 0
1711605883321 1.6666962205693119 0
1711605883322 1.6598338084754944 0
1711605883323 1.6523390570451226 0
1711605883324 1.6450048658193968 0
1711605883324 1.638111845260077 0
1711605883325 1.630654148711832 0
1711605883326 1.6238491091632483 0
1711605883327 1.6166017380689708 0
1711605883328 1.6097602271714118 0
1711605883329 1.6035347040450183 0
1711605883330 1.5970992318951416 0
1711605883330 1.590714542250257 0
1711605883331 1.5840806986559608 0
1711605883332 1.5775637599668613 0
1711605883333 1.57103291465147 0
1711605883334 1.5647264145844417 0
1711605883335 1.5582407145476809 0
1711605883336 1.552295741496534 0
1711605883337 1.5463053124968094 0
1711605883339 1.5402950252928855 0
1711605883340 1.53463118537713 0
1711605883341 1.529117702008921 0
1711605883341 1.523531545535975 0
1711605883342 1.5178463273505685 0
1711605883343 1.5122982796660862 0
1711605883344 1.5067047499332413 0
1711605883345 1.5013483140343356 0
1711605883346 1.4960542697594417 0
1711605883346 1.4911356236391808 0
1711605883347 1.4861447674410755 0
1711605883348 1.480991967783622 0
1711605883349 1.4759556803108143 0
1711605883350 1.4713255986072475 0
1711605883351 1.4666725134333234 0
1711605883352 1.4619324464764665 0
1711605883352 1.4571639406751635 0
1711605883353 1.4525534644317728 0
1711605883354 1.4482252277541647 0
1711605883355 1.44412295520113 0
1711605883356 1.439918480356313 0
1711605883357 1.4355792452949427 0
1711605883358 1.4313065120644666 0
1711605883358 1.4273199054010652 0
1711605883359 1.4232283746586665 0
1711605883360 1.4192094919739826 0
1711605883361 1.4154033346061559 0
1711605883362 1.411517995434547 0
1711605883363 1.407539646564287 0
1711605883364 1.4038322571747137 0
1711605883365 1.4001228652823432 0
1711605883366 1.3966013248135667 0
1711605883367 1.3929999290444524 0
1711605883368 1.3894626409771378 0
1711605883369 1.38601665205257 0
1711605883369 1.3824046640142809 0
1711605883370 1.3791803190384089 0
1711605883371 1.3759508316704592 0
1711605883372 1.372596723867145 0
1711605883373 1.369508326140697 0
1711605883374 1.3662410068384698 0
1711605883374 1.3631199875624267 0
1711605883375 1.3600418129637688 0
1711605883376 1.3568897902855916 0
1711605883377 1.3539217528288465 0
1711605883378 1.3510557771210425 0
1711605883379 1.3481981412058046 0
1711605883380 1.3453708637422426 0
1711605883381 1.3424360363527286 0
1711605883382 1.3396721061359544 0
1711605883382 1.3368339890276588 0
1711605883383 1.3341786272996305 0
1711605883384 1.3315481061013057 0
1711605883385 1.3290052696008743 0
1711605883386 1.3267434325225411 0
1711605883387 1.3242592070425916 0
1711605883387 1.3216826177512142 0
