1711605955091 1.8384980925088832 0
1711605955093 1.7800459951123033 0
1711605955094 1.7270254388919861 0
1711605955095 1.6788907086299296 0
1711605955096 1.633458269643378 0
1711605955097 1.5919172742949028 0
1711605955098 1.5523368467106846 0
1711605955099 1.517696593008841 0
1711605955099 1.4881660279139504 0
1711605955100 1.457200533058693 0
1711605955101 1.4306197404476433 0
1711605955102 1.4051106186503317 0
1711605955103 1.3815939086359608 0
1711605955104 1.358950044645684 0
1711605955105 1.3372119982939918 0
1711605955106 1.3177187170134501 0
1711605955107 1.2991679133459029 0
1711605955108 1.282814102940502 0
1711605955109 1.2670517567120883 0
1711605955110 1.2527572396233475 0
1711605955111 1.2393484200279639 0
1711605955112 1.2271535435506504 0
1711605955113 1.2139413411107618 0
1711605955114 1.2025509636869227 0
1711605955115 1.1917641638045735 0
1711605955116 1.1820383397567777 0
1711605955117 1.1728084205116303 0
1711605955118 1.1644707591543184 0
1711605955118 1.156724714136259 0
1711605955119 1.150189940743764 0
1711605955120 1.1425700567334882 0
1711605955121 1.135204514933355 0
1711605955122 1.1289246029454558 0
1711605955123 1.1223474388670522 0
1711605955124 1.1160606609559711 0
1711605955125 1.1103290421695333 0
1711605955126 1.1051711771890165 0
1711605955126 1.1003405041576249 0
1711605955127 1.0944953187248334 0
1711605955128 1.088746576967346 0
1711605955129 1.0824794325348814 0
1711605955130 1.078890888791668 0
1711605955131 1.0758749994683676 0
1711605955132 1.0713800534870495 0
1711605955133 1.0673068355872095 0
1711605955134 1.0625016797254778 0
1711605955135 1.0579137580419147 0
1711605955135 1.0534615596517467 0
1711605955136 1.049691191469815 0
1711605955137 1.0456715762277817 0
1711605955138 1.0416445559267093 0
1711605955139 1.039304642248825 0
1711605955140 1.0358481433071447 0
1711605955141 1.0315517886202559 0
1711605955142 1.0282689862701893 0
1711605955143 1.0242690065474849 0
1711605955144 1.0221748542160853 0
1711605955144 1.0186471958330021 0
1711605955145 1.0149441756168143 0
1711605955146 1.0122527649630713 0
1711605955147 1.009839946528226 0
1711605955148 1.0084246085637483 0
1711605955149 1.005909084977691 0
1711605955150 1.003423650813161 0
1711605955151 1.0015698973594742 0
1711605955151 0.9985154697935443 0
1711605955152 0.9954999929338362 0
1711605955153 0.9938399267231598 0
1711605955154 0.9921972802168532 0
1711605955155 0.9910945066417111 0
1711605955156 0.9888657438841297 0
1711605955157 0.9867654193793357 0
1711605955159 0.9848660869500284 0
1711605955160 0.9817065767599407 0
1711605955161 0.979231951679671 0
1711605955162 0.9765293363857427 0
1711605955163 0.9745356051047936 0
1711605955164 0.9733142890577687 0
1711605955165 0.9713667633613258 0
1711605955166 0.9695662117883644 0
1711605955167 0.9677598613736024 0
1711605955168 0.9662811885094983 0
1711605955169 0.9645064095125935 0
1711605955170 0.9633602564934151 0
1711605955170 0.961306006906815 0
1711605955171 0.9602294316554241 0
1711605955172 0.9594329875117961 0
1711605955173 0.9581687036092579 0
1711605955174 0.9565413728698152 0
1711605955175 0.9555574631150895 0
1711605955176 0.9533631825291211 0
1711605955177 0.9520806404130934 0
1711605955178 0.9503018743024251 0
1711605955179 0.948997685435257 0
1711605955180 0.9470508890620807 0
1711605955181 0.9462091973654199 0
1711605955182 0.9445854668940395 0
1711605955183 0.9433766158863334 0
1711605955184 0.9427000111434916 0
1711605955185 0.9417032871369091 0
