1711606004893 1.772794739566825 0
1711606004894 1.668811352844582 0
1711606004895 1.5808403159234077 0
1711606004896 1.5018161265368513 0
1711606004897 1.4365530504714523 0
1711606004898 1.3809896980781484 0
1711606004899 1.3353622040515298 0
1711606004900 1.2965257690199057 0
1711606004901 1.2636058192294302 0
1711606004902 1.2350118327224129 0
1711606004903 1.212380065792169 0
1711606004904 1.192157862915103 0
1711606004905 1.1713403687041313 0
1711606004906 1.1551087349751548 0
1711606004907 1.1402627033506632 0
1711606004908 1.1242355738559848 0
1711606004909 1.1126390391585268 0
1711606004910 1.1025289263250138 0
1711606004911 1.090838727664404 0
1711606004912 1.080833340383334 0
1711606004913 1.0710059291895282 0
1711606004914 1.0632429370606167 0
1711606004915 1.0550480210370703 0
1711606004916 1.045508534121755 0
1711606004917 1.0375984298247163 0
1711606004918 1.032074477393954 0
1711606004919 1.0253824158072835 0
1711606004920 1.0208373559753188 0
1711606004921 1.0145806479690955 0
1711606004922 1.0078418045807394 0
1711606004923 1.000592162183901 0
1711606004924 0.9965444664095469 0
1711606004925 0.9910154779637773 0
1711606004926 0.9855010871089261 0
1711606004927 0.9792860927470138 0
1711606004928 0.9732478526121879 0
1711606004929 0.9686630457384934 0
1711606004931 0.964847307021238 0
1711606004932 0.9609314210637082 0
1711606004934 0.95702191154307 0
1711606004935 0.9526354092166303 0
1711606004937 0.9497664454257662 0
1711606004938 0.9460028170452927 0
1711606004940 0.9444134448944794 0
1711606004941 0.9419634709456888 0
1711606004943 0.9384708824125438 0
1711606004944 0.9341558691546091 0
1711606004946 0.9313329182168998 0
1711606004947 0.9251526533009238 0
1711606004948 0.9207658810088174 0
1711606004949 0.9191340759373638 0
1711606004950 0.9172557389116425 0
1711606004951 0.9156566497997873 0
1711606004952 0.91438887748368 0
1711606004953 0.9109289974282847 0
1711606004954 0.9091679920826031 0
1711606004955 0.9060508349226162 0
1711606004956 0.9011684337017437 0
1711606004957 0.894452840051425 0
1711606004958 0.8895741438987773 0
1711606004959 0.8887897200936766 0
1711606004960 0.8868674594076543 0
1711606004962 0.8858353348042362 0
1711606004963 0.8849103240132762 0
1711606004964 0.8809500486475772 0
1711606004965 0.8802454846894744 0
1711606004966 0.8784184445693551 0
1711606004967 0.8755157811093374 0
1711606004968 0.8733331073887616 0
1711606004969 0.8708420816487933 0
1711606004970 0.8701087941737877 0
1711606004971 0.86692006326635 0
1711606004972 0.8650730451245033 0
1711606004973 0.8614193273765327 0
1711606004974 0.8609695920148474 0
1711606004975 0.8576170985946194 0
1711606004976 0.8543226512952582 0
1711606004977 0.8499485152762376 0
1711606004978 0.8495289277032539 0
1711606004979 0.847591588944445 0
1711606004980 0.8449129165052105 0
1711606004981 0.8423916086869413 0
1711606004982 0.8409712383789697 0
1711606004983 0.8401886826098683 0
1711606004984 0.8360856519761708 0
1711606004985 0.8346603627707138 0
1711606004986 0.8332380491775908 0
1711606004987 0.8327049772365398 0
1711606004988 0.8289623412080901 0
1711606004989 0.828145527528945 0
1711606004990 0.8268946352165075 0
1711606004990 0.8224361219638505 0
1711606004991 0.820424070224928 0
1711606004992 0.8170838278825356 0
1711606004993 0.8151341046215189 0
1711606004994 0.8120503447184567 0
1711606004995 0.8082870946482702 0
1711606004996 0.8061076353878209 0
1711606004997 0.8029002949906556 0
1711606004998 0.7997117120063887 0
