1711605858902 1.8900520643997472 0
1711605858903 1.8795452029389534 0
1711605858904 1.8692474280212292 0
1711605858905 1.8591545788243675 0
1711605858906 1.8492625773265237 0
1711605858907 1.8395669600880593 0
1711605858908 1.830061416200138 0
1711605858909 1.8207445755161513 0
1711605858910 1.811610327790608 0
1711605858911 1.8026561001297798 0
1711605858912 1.793876579767552 0
1711605858913 1.7852698702477587 0
1711605858914 1.7758343552193 0
1711605858914 1.766586467256578 0
1711605858915 1.757521017408426 0
1711605858916 1.7486356367472706 0
1711605858917 1.7399256835501036 0
1711605858918 1.7313703508784455 0
1711605858919 1.7229998366290808 0
1711605858920 1.7147773531864094 0
1711605858921 1.7075147047550148 0
1711605858922 1.6996253344639272 0
1711605858923 1.6918687383527728 0
1711605858924 1.6842853832824038 0
1711605858925 1.6767803566751265 0
1711605858925 1.6694891566313077 0
1711605858926 1.6622263680213458 0
1711605858927 1.6551513625660947 0
1711605858928 1.6482193633878754 0
1711605858929 1.6414359628451807 0
1711605858930 1.63471373129294 0
1711605858931 1.6281748084131102 0
1711605858932 1.622301115423145 0
1711605858933 1.6159616211099337 0
1711605858934 1.6097848316856982 0
1711605858935 1.6036684153330378 0
1711605858936 1.5976791345530594 0
1711605858937 1.5917680394881 0
1711605858937 1.586030349784287 0
1711605858938 1.5803578851507873 0
1711605858939 1.5748491983323667 0
1711605858940 1.5693659720258726 0
1711605858941 1.5640065036305373 0
1711605858942 1.5589339815036423 0
1711605858943 1.5537628311300256 0
1711605858944 1.548738828127709 0
1711605858945 1.543758466924353 0
1711605858946 1.538921418788756 0
1711605858947 1.5341251112892227 0
1711605858948 1.5294609527227738 0
1711605858949 1.5248597393785595 0
1711605858950 1.5203497858316593 0
1711605858951 1.5159184256264477 0
1711605858952 1.5115540295590617 0
1711605858953 1.507283323972998 0
1711605858953 1.5030613653802065 0
1711605858954 1.4987357173898372 0
1711605858955 1.494708070214844 0
1711605858956 1.4905560709375387 0
1711605858957 1.4866036118177473 0
1711605858958 1.4827742045835028 0
1711605858959 1.47882997102352 0
1711605858960 1.4750726461071721 0
1711605858961 1.471220563490961 0
1711605858962 1.4676275112931632 0
1711605858963 1.463943180392343 0
1711605858963 1.4604244309506538 0
1711605858964 1.4567869041992811 0
1711605858965 1.4533469974522086 0
1711605858966 1.449866720825312 0
1711605858967 1.4465738979358058 0
1711605858968 1.4433987127090628 0
1711605858969 1.4401894267800754 0
1711605858971 1.4368874812027734 0
1711605858972 1.4337715988922923 0
1711605858973 1.430722141082604 0
1711605858973 1.427701053050155 0
1711605858974 1.4248134527017053 0
1711605858975 1.4218114218841738 0
1711605858976 1.4189563276863133 0
1711605858977 1.4162119191873672 0
1711605858979 1.4133487522630968 0
1711605858980 1.4106506765632256 0
1711605858981 1.4077663651049739 0
1711605858982 1.4051641609252168 0
1711605858983 1.4024101295086502 0
1711605858984 1.399894032123183 0
1711605858985 1.3972737534709856 0
1711605858986 1.3947979684447855 0
1711605858987 1.3924002212376883 0
1711605858988 1.3897899542435082 0
1711605858989 1.3874388490611107 0
1711605858990 1.3850116566124384 0
1711605858991 1.3826495733834998 0
1711605858992 1.3801902519492573 0
1711605858993 1.377986638498787 0
1711605858994 1.3757322077338578 0
1711605858995 1.3734584046485283 0
1711605858995 1.3712717548597637 0
1711605858996 1.3689605530460756 0
