1711606000840 1.7724933081895242 0
1711606000841 1.6670711358092256 0
1711606000842 1.5805350926805424 0
1711606000844 1.5026110836971358 0
1711606000845 1.4388321288949197 0
1711606000846 1.3870978367212363 0
1711606000847 1.3406249222641329 0
1711606000848 1.3001806776452483 0
1711606000850 1.268249025624518 0
1711606000851 1.2398262926556007 0
1711606000852 1.2153064102312 0
1711606000854 1.1934187011600113 0
1711606000855 1.17703824558967 0
1711606000856 1.1584201067221422 0
1711606000857 1.1445859930872369 0
1711606000859 1.1311258826048163 0
1711606000860 1.1177117837056751 0
1711606000861 1.1043592443960313 0
1711606000862 1.0942016783630046 0
1711606000864 1.084923645124945 0
1711606000865 1.0746632005719923 0
1711606000866 1.0651910779470377 0
1711606000868 1.0567536994281548 0
1711606000869 1.0493259599001945 0
1711606000870 1.038965945206962 0
1711606000870 1.030586806495226 0
1711606000871 1.0241925386312556 0
1711606000872 1.0191532789429647 0
1711606000873 1.0122205301102603 0
1711606000874 1.006992493123962 0
1711606000875 1.002557354138767 0
1711606000876 0.9974524972367628 0
1711606000877 0.9942196220609267 0
1711606000878 0.9869535623653294 0
1711606000879 0.9844897052926286 0
1711606000880 0.9820116532640193 0
1711606000881 0.9775684961629684 0
1711606000881 0.9754001344760715 0
1711606000882 0.9731640251740948 0
1711606000884 0.9691213697081205 0
1711606000886 0.9667379766023396 0
1711606000887 0.9608867657119758 0
1711606000889 0.9587200530221668 0
1711606000891 0.9515816149579671 0
1711606000893 0.9481176090093404 0
1711606000894 0.9458748801599544 0
1711606000896 0.943501116167128 0
1711606000897 0.9406922233231008 0
1711606000900 0.9373056840654709 0
1711606000901 0.9363755651726121 0
1711606000903 0.9342191858682414 0
1711606000904 0.9335111682800152 0
1711606000905 0.9312918119267937 0
1711606000907 0.9265810737909619 0
1711606000908 0.9219411329687845 0
1711606000909 0.9178660453969103 0
1711606000911 0.9147235567606783 0
1711606000912 0.914329604527713 0
1711606000913 0.9113571456959073 0
1711606000915 0.909644732333686 0
1711606000916 0.9058107813810484 0
1711606000917 0.9032868007571955 0
1711606000920 0.9018683809131403 0
1711606000921 0.9006106732734838 0
1711606000923 0.896266523536239 0
1711606000925 0.888896508415844 0
1711606000926 0.8876582574778322 0
1711606000928 0.8871476841418765 0
1711606000930 0.8834220006030531 0
1711606000937 0.8784671208527384 0
1711606000938 0.8764641217244172 0
1711606000940 0.8742688610907162 0
1711606000941 0.8737731769408725 0
1711606000942 0.8725762749711593 0
1711606000943 0.8721850871188498 0
1711606000944 0.869859655081849 0
1711606000945 0.8651833218759556 0
1711606000946 0.8595420319472412 0
1711606000946 0.8556885591334691 0
1711606000947 0.8549471170570478 0
1711606000948 0.8518415747620751 0
1711606000949 0.85132336795514 0
1711606000950 0.8479502304329352 0
1711606000951 0.847587606748707 0
1711606000953 0.8445600041966305 0
1711606000954 0.8390444597018193 0
1711606000956 0.8369710870563281 0
1711606000957 0.8366961248595137 0
1711606000960 0.8317531108537687 0
1711606000962 0.8307164888727155 0
1711606000963 0.8258280739108047 0
1711606000964 0.8222032871699384 0
1711606000965 0.821383885665174 0
1711606000966 0.8202718639472901 0
1711606000967 0.8199796661795103 0
1711606000968 0.8184283400182113 0
1711606000969 0.8163271780021841 0
1711606000970 0.8142579437365249 0
1711606000971 0.8109885680464971 0
1711606000971 0.8092871882340833 0
