1711605876530 1.88891312125162 0
1711605876532 1.8772192231954419 0
1711605876533 1.8657958163492985 0
1711605876534 1.8539488882907083 0
1711605876535 1.8428965236795416 0
1711605876536 1.8320701448249626 0
1711605876537 1.8212625476113309 0
1711605876539 1.8108176386608985 0
1711605876540 1.8004350981616195 0
1711605876541 1.7896113794180595 0
1711605876542 1.7798873951658538 0
1711605876543 1.7702740799365446 0
1711605876545 1.7606823483213614 0
1711605876546 1.751260415326621 0
1711605876547 1.742077974279943 0
1711605876548 1.7324533082234155 0
1711605876549 1.723525752459714 0
1711605876551 1.7150937685193988 0
1711605876552 1.7063165722171636 0
1711605876552 1.6979011443468757 0
1711605876553 1.6890184069762262 0
1711605876554 1.6811203957333232 0
1711605876555 1.6730490529249074 0
1711605876556 1.6652461603723046 0
1711605876557 1.6570865484750497 0
1711605876558 1.649460614891839 0
1711605876558 1.6414433867130394 0
1711605876559 1.63373219869988 0
1711605876560 1.626031659669364 0
1711605876561 1.6183843356538552 0
1711605876562 1.6110149274879604 0
1711605876563 1.6042135444945373 0
1711605876564 1.5971280315091931 0
1711605876565 1.5900342726292631 0
1711605876565 1.5831239007406197 0
1711605876566 1.5762373399261065 0
1711605876567 1.569488373364082 0
1711605876568 1.5628627993887967 0
1711605876569 1.5563996245454068 0
1711605876570 1.5500763959738424 0
1711605876571 1.543860797684492 0
1711605876571 1.537699538490276 0
1711605876572 1.5316938738838903 0
1711605876573 1.5257420943687192 0
1711605876574 1.5198905072252085 0
1711605876575 1.5141924548517065 0
1711605876576 1.5087073649127953 0
1711605876577 1.5031440203158561 0
1711605876577 1.4977045751269993 0
1711605876578 1.492422886530002 0
1711605876579 1.487223072864898 0
1711605876580 1.4820729762208724 0
1711605876581 1.477069748986604 0
1711605876582 1.4720849739799284 0
1711605876583 1.4672527555359198 0
1711605876584 1.4624170975965507 0
1711605876585 1.4576414649424467 0
1711605876585 1.4530588242100189 0
1711605876586 1.4486872201702363 0
1711605876587 1.4441473982766106 0
1711605876588 1.4399519340719726 0
1711605876589 1.4357864110025527 0
1711605876590 1.4315838066121938 0
1711605876591 1.4274256273253487 0
1711605876591 1.4234937193848518 0
1711605876592 1.4195091678517884 0
1711605876593 1.4155381306795383 0
1711605876594 1.4116528302996878 0
1711605876595 1.407758571920115 0
1711605876596 1.4040225614671429 0
1711605876597 1.4003712049627166 0
1711605876598 1.3969001030920751 0
1711605876599 1.393298482021175 0
1711605876600 1.3897015165954083 0
1711605876601 1.3862414813158366 0
1711605876602 1.38280390300009 0
1711605876602 1.3794950698793746 0
1711605876603 1.3762321019409227 0
1711605876604 1.3729291590701633 0
1711605876605 1.3696632828617246 0
1711605876606 1.3664991487165024 0
1711605876607 1.3633947901609682 0
1711605876608 1.360210735006892 0
1711605876608 1.3571144996310818 0
1711605876609 1.3542035061519988 0
1711605876610 1.3512377392609898 0
1711605876612 1.3483882695564668 0
1711605876612 1.345567946404715 0
1711605876613 1.3426837915303491 0
1711605876614 1.3399788047248082 0
1711605876616 1.337268824205786 0
1711605876617 1.3346745240085272 0
1711605876618 1.3320701227617269 0
1711605876619 1.3293908153693725 0
1711605876620 1.3269345202279235 0
1711605876621 1.3244327474459885 0
1711605876622 1.3219457925100957 0
1711605876623 1.3194904583826461 0
1711605876624 1.3169351669594427 0
1711605876625 1.3145170437180536 0
