1711605975444 1.8025828357534872 0
1711605975446 1.7178273034532305 0
1711605975447 1.6414631081500726 0
1711605975448 1.579093214981994 0
1711605975449 1.5249199519145562 0
1711605975450 1.4804116484575687 0
1711605975451 1.4442976608490228 0
1711605975452 1.4128685418670046 0
1711605975453 1.3848517437769003 0
1711605975454 1.3617023875383059 0
1711605975455 1.3422469443646567 0
1711605975455 1.3248283775188827 0
1711605975456 1.3109891994507918 0
1711605975457 1.2961276390989336 0
1711605975458 1.2846106021451404 0
1711605975459 1.2725249243941383 0
1711605975460 1.263301192467138 0
1711605975461 1.2550039391695882 0
1711605975462 1.2462313550355208 0
1711605975463 1.2391668281504706 0
1711605975464 1.2322890041901027 0
1711605975465 1.2266328230265557 0
1711605975466 1.2213511581733416 0
1711605975466 1.2142352837880095 0
1711605975467 1.2102670176929404 0
1711605975468 1.2043883760672534 0
1711605975469 1.199486708895596 0
1711605975470 1.1947518038988487 0
1711605975471 1.1915604779478894 0
1711605975472 1.1876647808922698 0
1711605975473 1.1823449532731667 0
1711605975474 1.178798069913882 0
1711605975474 1.1762243611007324 0
1711605975475 1.1742922235455917 0
1711605975476 1.1706362978016376 0
1711605975477 1.1691121477943713 0
1711605975478 1.1673775215111315 0
1711605975479 1.1623539333149522 0
1711605975480 1.1603706923047414 0
1711605975481 1.158383484104416 0
1711605975482 1.1570615178009194 0
1711605975483 1.153372088154351 0
1711605975484 1.1520397741090447 0
1711605975485 1.148350982868638 0
1711605975486 1.1471867733581285 0
1711605975487 1.1441032630443235 0
1711605975488 1.1404964047318376 0
1711605975489 1.1392411304911934 0
1711605975489 1.1363935704615453 0
1711605975490 1.1346043175617433 0
1711605975491 1.1326115952530391 0
1711605975492 1.1306769447820035 0
1711605975493 1.1294986332660302 0
1711605975494 1.1288379261908927 0
1711605975495 1.126300957556333 0
1711605975496 1.124358239590279 0
1711605975497 1.1235901445870153 0
1711605975498 1.122583093270506 0
1711605975498 1.1204574694592182 0
1711605975499 1.118841237669456 0
1711605975500 1.1175037354166646 0
1711605975501 1.1165944588740866 0
1711605975502 1.1150345201086855 0
1711605975503 1.1142850565741862 0
1711605975504 1.1122734302141952 0
1711605975505 1.1103547629502566 0
1711605975506 1.1091309515017478 0
1711605975507 1.108493029472422 0
1711605975507 1.1074323457604236 0
1711605975508 1.1063636897915823 0
1711605975509 1.1041638330453056 0
1711605975510 1.1022596830839457 0
1711605975511 1.1014832158652696 0
1711605975512 1.0998800892598972 0
1711605975513 1.0991958572547555 0
1711605975514 1.0976392207316896 0
1711605975515 1.0968124954985692 0
1711605975516 1.0949918701905343 0
1711605975517 1.0922331077349794 0
1711605975518 1.089838317513141 0
1711605975519 1.089040983461422 0
1711605975520 1.087618410598576 0
1711605975521 1.0859586822873872 0
1711605975522 1.0854632677269946 0
1711605975523 1.0848745370513533 0
1711605975524 1.0834780941736262 0
1711605975524 1.080911213303767 0
1711605975525 1.0799314459181224 0
1711605975526 1.0787919353540325 0
1711605975527 1.0783749063410888 0
1711605975528 1.0781490214883611 0
1711605975529 1.0751226932775708 0
1711605975530 1.0734125320644516 0
1711605975531 1.0721310233925663 0
1711605975532 1.07167301082172 0
1711605975533 1.070000201672737 0
1711605975534 1.0697026520782729 0
1711605975535 1.0685480627087598 0
1711605975536 1.0683071019922945 0
1711605975537 1.0673080940112398 0
