1711605887411 1.8873367256262836 0
1711605887413 1.8741685562576946 0
1711605887414 1.8612618856834053 0
1711605887415 1.8486114289339104 0
1711605887416 1.8361474381193839 0
1711605887416 1.8239875654003073 0
1711605887417 1.812067865273921 0
1711605887418 1.8003171039082027 0
1711605887419 1.7888548059950948 0
1711605887420 1.7775853104756039 0
1711605887421 1.7664633630038584 0
1711605887422 1.7555971521562574 0
1711605887422 1.744973455897236 0
1711605887423 1.7344503022682143 0
1711605887424 1.7241919197192344 0
1711605887425 1.7141383507907708 0
1711605887426 1.704168986794769 0
1711605887427 1.694531005188301 0
1711605887428 1.6850519002592477 0
1711605887428 1.6756238913746557 0
1711605887429 1.6663902565383222 0
1711605887430 1.6574434846645836 0
1711605887431 1.6486518828636787 0
1711605887432 1.6400339599505693 0
1711605887433 1.6315218376517173 0
1711605887434 1.6224031167001873 0
1711605887434 1.6135475030463027 0
1711605887435 1.6049004193208531 0
1711605887436 1.5963039316222472 0
1711605887437 1.587935649435428 0
1711605887438 1.5797036369044994 0
1711605887439 1.571711522912607 0
1711605887440 1.5637966516699828 0
1711605887441 1.5559962359182835 0
1711605887442 1.5484588981297593 0
1711605887442 1.5409296301832025 0
1711605887444 1.5336808357134455 0
1711605887446 1.5265058885216023 0
1711605887447 1.5195358028895622 0
1711605887449 1.51263557836974 0
1711605887450 1.5057878652123586 0
1711605887451 1.4992132522134747 0
1711605887452 1.492647052043597 0
1711605887454 1.4862605194020897 0
1711605887455 1.4797345912309234 0
1711605887456 1.4735830725966188 0
1711605887457 1.4673023310239666 0
1711605887458 1.4611398180004704 0
1711605887459 1.45531496980292 0
1711605887461 1.4493856811126962 0
1711605887462 1.4437865434683126 0
1711605887463 1.4380627677006177 0
1711605887464 1.4324400636738706 0
1711605887465 1.4271177803156576 0
1711605887467 1.4217108335783146 0
1711605887468 1.4163882024776921 0
1711605887469 1.4113349079133686 0
1711605887470 1.406251136272539 0
1711605887471 1.4013876130722414 0
1711605887472 1.3964334987628098 0
1711605887474 1.391572111315864 0
1711605887475 1.3869973075818791 0
1711605887476 1.3822163265742238 0
1711605887477 1.3777631767903349 0
1711605887479 1.373134880088845 0
1711605887480 1.3684972314201769 0
1711605887481 1.3642990409938218 0
1711605887482 1.359946950550485 0
1711605887483 1.3559150985312032 0
1711605887485 1.351736087861833 0
1711605887486 1.347674868750869 0
1711605887487 1.3436433840093036 0
1711605887488 1.3395937677985867 0
1711605887490 1.335682405962891 0
1711605887491 1.331783782352141 0
1711605887492 1.3280414317275473 0
1711605887494 1.3241682485030017 0
1711605887495 1.3204821379859222 0
1711605887496 1.3167427042438624 0
1711605887497 1.313120090099286 0
1711605887498 1.3096852388881957 0
1711605887499 1.306258427084348 0
1711605887500 1.3028075726488955 0
1711605887500 1.2992564960428807 0
1711605887501 1.295925115604442 0
1711605887502 1.2927351930114281 0
1711605887503 1.2892810733844609 0
1711605887504 1.2861522615478402 0
1711605887505 1.2831239315316836 0
1711605887506 1.2799711851028048 0
1711605887506 1.2770870664689806 0
1711605887507 1.2742005528243021 0
1711605887508 1.2712024818441163 0
1711605887509 1.268309164873967 0
1711605887510 1.2653349174686495 0
1711605887511 1.2625797850541516 0
1711605887512 1.2598119241422479 0
1711605887512 1.256916410850697 0
1711605887513 1.2542937026800811 0
1711605887514 1.2513556822545224 0
