1711605968277 1.8097585189392227 0
1711605968278 1.7392960809591032 0
1711605968279 1.6726805610853746 0
1711605968280 1.6190506443065058 0
1711605968281 1.5750463537522177 0
1711605968282 1.5326996908063462 0
1711605968283 1.4977063829970372 0
1711605968284 1.4719730424764708 0
1711605968285 1.4488200500095416 0
1711605968286 1.425533108006567 0
1711605968287 1.4082441829953851 0
1711605968288 1.3898248587735378 0
1711605968289 1.3737501370790872 0
1711605968289 1.3604138779353663 0
1711605968290 1.349401393520943 0
1711605968291 1.3392699235060495 0
1711605968292 1.329356354280232 0
1711605968293 1.3210649104629681 0
1711605968294 1.3126887798869442 0
1711605968295 1.3047248787655927 0
1711605968296 1.2978760749452045 0
1711605968297 1.2917849393843903 0
1711605968297 1.2862253253162022 0
1711605968298 1.2811006509331095 0
1711605968299 1.2755263831497654 0
1711605968300 1.271494560876402 0
1711605968301 1.2672941473420085 0
1711605968302 1.2626717846568356 0
1711605968303 1.2569644255173082 0
1711605968304 1.2536720318398897 0
1711605968305 1.2506724727335963 0
1711605968306 1.2462774909856098 0
1711605968307 1.2434457319709384 0
1711605968307 1.2405077092235268 0
1711605968308 1.2380338264176383 0
1711605968309 1.2352587825139598 0
1711605968310 1.2334696902600815 0
1711605968311 1.2301001547105292 0
1711605968312 1.2284436243321641 0
1711605968313 1.2262056194810065 0
1711605968314 1.2238011373426447 0
1711605968315 1.2217949361979072 0
1711605968316 1.2196103767383848 0
1711605968317 1.2173595895110192 0
1711605968317 1.2159455763362526 0
1711605968318 1.2135662287639437 0
1711605968319 1.2117875615033833 0
1711605968320 1.2100987892125463 0
1711605968321 1.208652370374524 0
1711605968322 1.206937185994615 0
1711605968323 1.2058212119030671 0
1711605968324 1.2037882574513379 0
1711605968325 1.2024505308439903 0
1711605968326 1.1998975948080508 0
1711605968327 1.1984602835756946 0
1711605968327 1.197330337110578 0
1711605968328 1.1964396706892209 0
1711605968329 1.1948276337429462 0
1711605968330 1.1930228812932744 0
1711605968331 1.191520805214797 0
1711605968332 1.1903661783917714 0
1711605968333 1.188962269040823 0
1711605968334 1.1872116311492917 0
1711605968335 1.1860795590415425 0
1711605968335 1.1852155949246235 0
1711605968336 1.1845653563524186 0
1711605968337 1.183562430178061 0
1711605968338 1.1823893194030948 0
1711605968339 1.1818487256220707 0
1711605968340 1.1806221281601812 0
1711605968341 1.1791732144911078 0
1711605968342 1.178699156683947 0
1711605968343 1.1782932179259675 0
1711605968343 1.1771028237822274 0
1711605968345 1.1758401527238085 0
1711605968346 1.174757051889864 0
1711605968347 1.173938585169029 0
1711605968348 1.1731935352145275 0
1711605968350 1.1728936733963833 0
1711605968351 1.1724780706622142 0
1711605968352 1.1716636999947099 0
1711605968353 1.1709337436731537 0
1711605968354 1.1700116130904983 0
1711605968355 1.1678427651374348 0
1711605968355 1.1672473921269297 0
1711605968356 1.166187804014137 0
1711605968357 1.1651260776443064 0
1711605968358 1.1640666146340886 0
1711605968359 1.1637120851524598 0
1711605968360 1.162898447990818 0
1711605968361 1.1626355485159279 0
1711605968362 1.1618506915803044 0
1711605968363 1.1607546277047394 0
1711605968363 1.1599222494655714 0
1711605968364 1.1589794302135301 0
1711605968365 1.1585323982699645 0
1711605968367 1.1582827790957126 0
1711605968367 1.1576104266559464 0
1711605968370 1.1570084669045138 0
1711605968371 1.1565672651280063 0
