1711605844391 1.8912397661205946 0
1711605844392 1.8818969711164029 0
1711605844393 1.8727400977327946 0
1711605844394 1.8637654461295203 0
1711605844395 1.854969390093151 0
1711605844396 1.8463448408368648 0
1711605844396 1.837883544339478 0
1711605844397 1.8295872345099733 0
1711605844398 1.8214478822737734 0
1711605844399 1.8134632555032981 0
1711605844400 1.80562989239806 0
1711605844400 1.797944607588967 0
1711605844401 1.7896751521346295 0
1711605844402 1.781569990729908 0
1711605844403 1.774285962913463 0
1711605844404 1.7664662358901646 0
1711605844404 1.758799613848737 0
1711605844405 1.7519037536523419 0
1711605844406 1.744506936085579 0
1711605844407 1.7372571093458518 0
1711605844408 1.7307248410861904 0
1711605844409 1.7237300810477552 0
1711605844409 1.716872200305645 0
1711605844410 1.7106009291056674 0
1711605844411 1.7039837511651068 0
1711605844412 1.6974972961805905 0
1711605844413 1.691134466944095 0
1711605844413 1.6852950671844515 0
1711605844415 1.6791555279285846 0
1711605844415 1.6731366554731564 0
1711605844416 1.667604620292834 0
1711605844417 1.6617663918087282 0
1711605844418 1.6560590093303251 0
1711605844419 1.6504373339663174 0
1711605844419 1.6452596990006234 0
1711605844420 1.6398465254793348 0
1711605844421 1.63450538595196 0
1711605844422 1.6292827395707474 0
1711605844423 1.6241326949203567 0
1711605844423 1.6193780617109306 0
1711605844424 1.6142763743491129 0
1711605844426 1.609409721032594 0
1711605844427 1.604606360860498 0
1711605844428 1.60016413141082 0
1711605844429 1.5954041366695637 0
1711605844429 1.5908655104810419 0
1711605844430 1.5862745602103219 0
1711605844431 1.5818976393430482 0
1711605844432 1.5773706480179903 0
1711605844433 1.5733499143407628 0
1711605844433 1.5692004243172863 0
1711605844434 1.5650877558846232 0
1711605844435 1.5608659536623413 0
1711605844436 1.557077292748103 0
1711605844437 1.5531228255561855 0
1711605844437 1.5491101153422184 0
1711605844438 1.5453935776696206 0
1711605844439 1.5416845183462964 0
1711605844440 1.5380952126527594 0
1711605844441 1.5344605407472083 0
1711605844441 1.5310976132221248 0
1711605844442 1.5276163433176995 0
1711605844443 1.5242684464768335 0
1711605844444 1.5208635481979067 0
1711605844445 1.5176331880156555 0
1711605844445 1.5143658607407566 0
1711605844446 1.5113297632886675 0
1711605844447 1.5080250308452234 0
1711605844448 1.5050022624420174 0
1711605844449 1.5019566100921204 0
1711605844450 1.499095525507892 0
1711605844450 1.4959923494516865 0
1711605844451 1.4931741469164923 0
1711605844452 1.4902949359864754 0
1711605844453 1.4875715408999919 0
1711605844453 1.4847664972896635 0
1711605844454 1.4821718518991276 0
1711605844455 1.4793605371183232 0
1711605844456 1.4768216649069343 0
1711605844457 1.474196026675861 0
1711605844458 1.471691504504086 0
1711605844459 1.4691538948844165 0
1711605844460 1.4667753511077481 0
1711605844460 1.4643088877589967 0
1711605844461 1.461964474621156 0
1711605844462 1.4595228981226414 0
1711605844463 1.4572536041322988 0
1711605844464 1.4549344542240987 0
1711605844464 1.4527362385280844 0
1711605844465 1.4504397550846304 0
1711605844466 1.4483144512534327 0
1711605844467 1.4461312849131571 0
1711605844467 1.444103825192204 0
1711605844468 1.442083656711262 0
1711605844469 1.4399969079604091 0
1711605844470 1.4380151786744026 0
1711605844471 1.43593210160175 0
1711605844471 1.4340346830914381 0
1711605844472 1.432070911298651 0
1711605844473 1.429991511019707 0
