1711605905224 1.8543038508708314 0
1711605905226 1.8103667630208755 0
1711605905227 1.7715468593454755 0
1711605905228 1.7363441577041907 0
1711605905229 1.7019547265517363 0
1711605905229 1.6702422833470274 0
1711605905230 1.6431935124332295 0
1711605905231 1.6166012052325103 0
1711605905232 1.5922134045685121 0
1711605905233 1.570194297565466 0
1711605905234 1.5499465304372495 0
1711605905236 1.531098752510258 0
1711605905237 1.5146947417426153 0
1711605905238 1.4988400241622726 0
1711605905239 1.48446326399346 0
1711605905240 1.4712194424134557 0
1711605905241 1.4579878428746462 0
1711605905242 1.4462122463283011 0
1711605905243 1.435704371550011 0
1711605905245 1.4251645573292335 0
1711605905246 1.415956716209505 0
1711605905247 1.4059416305564032 0
1711605905248 1.3989678011332212 0
1711605905249 1.3905457026559926 0
1711605905250 1.3831521220415126 0
1711605905251 1.3762917569110005 0
1711605905252 1.3691469148034296 0
1711605905253 1.3638042652818627 0
1711605905255 1.3575314117158903 0
1711605905256 1.3519674240115862 0
1711605905257 1.347313669522128 0
1711605905258 1.3420140667960814 0
1711605905259 1.3375129492483597 0
1711605905260 1.3323883228036613 0
1711605905261 1.3272630965701038 0
1711605905263 1.3231816748045873 0
1711605905264 1.3186760568972515 0
1711605905265 1.3150500066462079 0
1711605905266 1.3111327853340788 0
1711605905267 1.308065547204415 0
1711605905269 1.3044329220632243 0
1711605905270 1.3018435999902547 0
1711605905271 1.2981610004466806 0
1711605905272 1.2955799229964917 0
1711605905273 1.292532391896684 0
1711605905275 1.29011006794996 0
1711605905276 1.2868421706706623 0
1711605905277 1.2834486335051087 0
1711605905278 1.2808367106297396 0
1711605905279 1.2781124330051579 0
1711605905281 1.2758037164063163 0
1711605905282 1.2738385260235858 0
1711605905283 1.270352596570708 0
1711605905285 1.2676928414176234 0
1711605905286 1.2656912840617605 0
1711605905287 1.2626239456344872 0
1711605905289 1.2603589813011034 0
1711605905290 1.258388079992462 0
1711605905291 1.2562210503927442 0
1711605905292 1.254874091380761 0
1711605905294 1.2527606576921544 0
1711605905295 1.2510969313407356 0
1711605905296 1.2486135486665118 0
1711605905298 1.2470962854714156 0
1711605905299 1.2455106118525563 0
1711605905300 1.2440368123702066 0
1711605905302 1.242937082210604 0
1711605905303 1.2417961325541556 0
1711605905304 1.2399748629365004 0
1711605905305 1.238662435259877 0
1711605905306 1.2373924265737575 0
1711605905307 1.235877479627597 0
1711605905308 1.2346557274406038 0
1711605905310 1.2330658411858946 0
1711605905311 1.2315747881098553 0
1711605905312 1.2304630324844439 0
1711605905313 1.228590867392316 0
1711605905314 1.2277305036411623 0
1711605905315 1.2259773649214631 0
1711605905316 1.2246152106565176 0
1711605905318 1.2233026229001651 0
1711605905319 1.2222779638798393 0
1711605905320 1.22102996010103 0
1711605905321 1.2202187506651907 0
1711605905322 1.2187235590699985 0
1711605905323 1.2176781031342105 0
1711605905324 1.2167349671253362 0
1711605905325 1.2158280698443398 0
1711605905330 1.2148573067795094 0
1711605905332 1.2140063054198593 0
1711605905333 1.213020219667245 0
1711605905334 1.2117746759359467 0
1711605905335 1.210725159431453 0
1711605905337 1.2098555070730024 0
1711605905338 1.2086518753005497 0
1711605905339 1.207360315495886 0
1711605905340 1.2065201815665494 0
1711605905341 1.2057142394232236 0
1711605905343 1.2048896268182065 0
1711605905344 1.2042230355511887 0
