1711606012078 1.770294466715404 0
1711606012079 1.6656179031236102 0
1711606012080 1.5790236536202098 0
1711606012082 1.5116606783621216 0
1711606012083 1.4502634615986438 0
1711606012084 1.4000630658947886 0
1711606012084 1.3558915005798735 0
1711606012085 1.3160906366183882 0
1711606012086 1.2849186528677787 0
1711606012087 1.256255533852014 0
1711606012088 1.229530160854309 0
1711606012089 1.2081962874540315 0
1711606012090 1.1862029372611294 0
1711606012091 1.1715644151411364 0
1711606012092 1.156012565340666 0
1711606012093 1.142371089661415 0
1711606012094 1.1298028721012954 0
1711606012094 1.1204169979807106 0
1711606012095 1.1106313204444744 0
1711606012096 1.101039375929017 0
1711606012097 1.0934869084666714 0
1711606012098 1.0812537851672142 0
1711606012099 1.075949448837934 0
1711606012100 1.068640214053139 0
1711606012101 1.0605525484035172 0
1711606012102 1.0525994812244137 0
1711606012103 1.0440726062886645 0
1711606012104 1.0394612324317436 0
1711606012105 1.0355682554521306 0
1711606012105 1.031289253147703 0
1711606012106 1.0259992149936952 0
1711606012108 1.0213869038280112 0
1711606012110 1.0154757308668012 0
1711606012113 1.0100035423910252 0
1711606012115 1.006421796347276 0
1711606012116 0.998748834170686 0
1711606012117 0.9943768257030788 0
1711606012119 0.990116735074684 0
1711606012120 0.9864561997271838 0
1711606012121 0.9850869847694688 0
1711606012123 0.9816494368909044 0
1711606012124 0.9776950016384053 0
1711606012125 0.9743674992864647 0
1711606012127 0.9707263655927365 0
1711606012128 0.9665334393342065 0
1711606012129 0.9630862052891258 0
1711606012130 0.9573460230779116 0
1711606012132 0.953454151788117 0
1711606012133 0.9495192638457164 0
1711606012134 0.947616423580944 0
1711606012135 0.9428537699109691 0
1711606012137 0.939905030715736 0
1711606012138 0.9342913135994064 0
1711606012139 0.93303637189645 0
1711606012140 0.9298267569805994 0
1711606012141 0.9287343217029935 0
1711606012143 0.9273431542295394 0
1711606012144 0.9263905739615717 0
1711606012145 0.92597579302311 0
1711606012149 0.9220024463167381 0
1711606012150 0.9179767870231316 0
1711606012151 0.9167413784593843 0
1711606012153 0.9131831753962523 0
1711606012155 0.9124848039287914 0
1711606012157 0.9096234109063913 0
1711606012158 0.907013425922199 0
1711606012159 0.9050228823721823 0
1711606012160 0.9009796740288786 0
1711606012161 0.8963012634501558 0
1711606012162 0.8953926466371173 0
1711606012163 0.8948187491661173 0
1711606012164 0.892954502366107 0
1711606012165 0.8915770090267525 0
1711606012166 0.8908576835040828 0
1711606012167 0.8886792651404667 0
1711606012168 0.8847958363692264 0
1711606012169 0.8804410971799504 0
1711606012170 0.8771735384723192 0
1711606012171 0.8711804441247196 0
1711606012172 0.868028731155729 0
1711606012173 0.865356591076737 0
1711606012174 0.8650460438605598 0
1711606012175 0.8644829965154254 0
1711606012176 0.8616781255892219 0
1711606012177 0.8613351908039331 0
1711606012177 0.8586018926204345 0
1711606012178 0.8554905269260044 0
1711606012179 0.8544718792994025 0
1711606012180 0.8538964189095896 0
1711606012181 0.8512177734167738 0
1711606012182 0.8507925742250679 0
1711606012183 0.8485944272028463 0
1711606012184 0.8470046731108326 0
1711606012185 0.8452729566773273 0
1711606012186 0.844357347052438 0
1711606012187 0.8423865264018862 0
1711606012188 0.8384060857360396 0
1711606012188 0.8363186352350508 0
1711606012189 0.833621720116064 0
1711606012190 0.83205685393724 0
