1711605939602 1.8438829416786273 0
1711605939603 1.7901798437418754 0
1711605939605 1.7409593211466812 0
1711605939606 1.697960147233402 0
1711605939606 1.6567554015165025 0
1711605939607 1.6165590309506392 0
1711605939608 1.5834286615788562 0
1711605939610 1.5499842167680002 0
1711605939611 1.5211819517093883 0
1711605939612 1.491926579629031 0
1711605939613 1.4667310256566448 0
1711605939615 1.4424689475933286 0
1711605939615 1.4209055214428394 0
1711605939616 1.4018712323638791 0
1711605939617 1.3834858266334151 0
1711605939618 1.3661336539139308 0
1711605939619 1.3507891953842732 0
1711605939620 1.3362336729055426 0
1711605939621 1.3230494924818021 0
1711605939622 1.3103738489276566 0
1711605939622 1.299031709155591 0
1711605939623 1.2886331935145978 0
1711605939624 1.2788048359571853 0
1711605939625 1.2696615211059525 0
1711605939626 1.2606764947547462 0
1711605939627 1.2528253450726203 0
1711605939628 1.245348881633911 0
1711605939629 1.2376037314321409 0
1711605939630 1.2310481459633547 0
1711605939630 1.2245035958238306 0
1711605939631 1.2185283914295995 0
1711605939632 1.2127944222075333 0
1711605939633 1.2072640643492536 0
1711605939634 1.2014336617272707 0
1711605939635 1.1960042955581887 0
1711605939636 1.1907170607358155 0
1711605939637 1.1855226859821943 0
1711605939638 1.17970236889359 0
1711605939638 1.1757327392878183 0
1711605939639 1.1708180985771992 0
1711605939640 1.166750660620147 0
1711605939641 1.1639120432634977 0
1711605939642 1.1597281798386263 0
1711605939643 1.155945482566222 0
1711605939644 1.152647638237313 0
1711605939645 1.1497128341924998 0
1711605939646 1.1464252931634618 0
1711605939647 1.1433680980194032 0
1711605939648 1.1406932958623688 0
1711605939649 1.1377931299191941 0
1711605939649 1.1350846426582102 0
1711605939650 1.1331067381650517 0
1711605939651 1.1292675598410875 0
1711605939652 1.1262354799461958 0
1711605939653 1.1239419936954083 0
1711605939654 1.1208739655180397 0
1711605939655 1.1179082495487287 0
1711605939657 1.1154057131177622 0
1711605939658 1.1130940029531966 0
1711605939659 1.1103856420993894 0
1711605939660 1.1081989693288188 0
1711605939661 1.106090475038359 0
1711605939663 1.1040386567958274 0
1711605939664 1.1011204662977647 0
1711605939665 1.0992800585932683 0
1711605939666 1.096855787172827 0
1711605939668 1.0950335930733335 0
1711605939669 1.0919609777455448 0
1711605939670 1.0901988582094688 0
1711605939671 1.0885018534221744 0
1711605939673 1.0865578587842466 0
1711605939674 1.0844181038536875 0
1711605939675 1.0828398913926114 0
1711605939676 1.0814599157892595 0
1711605939677 1.0799588047945827 0
1711605939678 1.078154561571603 0
1711605939679 1.075726908224106 0
1711605939680 1.07442813211602 0
1711605939681 1.0725157811794161 0
1711605939681 1.0705819849291873 0
1711605939682 1.0694251312379937 0
1711605939683 1.0681558386997745 0
1711605939684 1.0672394801457266 0
1711605939685 1.0660623133320895 0
1711605939686 1.0651358528714325 0
1711605939687 1.0642026258208996 0
1711605939688 1.062466086960655 0
1711605939689 1.0606585490990765 0
1711605939689 1.0592541324786426 0
1711605939690 1.0578098650910783 0
1711605939691 1.0567185761704083 0
1711605939692 1.0554786518236008 0
1711605939693 1.0549787699222595 0
1711605939694 1.0533597662699776 0
1711605939695 1.0526521968497717 0
1711605939696 1.052035632618293 0
1711605939697 1.0503839243941338 0
1711605939698 1.0486251761192644 0
1711605939698 1.0482500073532464 0
1711605939699 1.0469894389057197 0
