1711605868817 1.8910382360913873 0
1711605868818 1.880814536100869 0
1711605868821 1.8709771115196547 0
1711605868824 1.8606967134728836 0
1711605868825 1.8513295886400642 0
1711605868826 1.8416916303572253 0
1711605868827 1.8322256928331886 0
1711605868828 1.822243916422582 0
1711605868828 1.8132125131404302 0
1711605868829 1.8040726160174436 0
1711605868830 1.795426840445331 0
1711605868831 1.7864319923624998 0
1711605868832 1.778082722189784 0
1711605868833 1.7696713985212387 0
1711605868833 1.7613008997277055 0
1711605868834 1.7523041884356427 0
1711605868835 1.7442918650420118 0
1711605868836 1.736748647956408 0
1711605868837 1.7292969684856732 0
1711605868838 1.721684870642666 0
1711605868839 1.713833041411372 0
1711605868840 1.7060391647867739 0
1711605868840 1.6990548387666198 0
1711605868841 1.6921301570606715 0
1711605868842 1.6854467695328514 0
1711605868843 1.6785739590305977 0
1711605868844 1.6728285158831515 0
1711605868845 1.6657470108355374 0
1711605868846 1.65911629205086 0
1711605868847 1.6526246224349375 0
1711605868848 1.6460144766087892 0
1711605868849 1.6396507419102464 0
1711605868849 1.6337097629930397 0
1711605868850 1.6279866418598419 0
1711605868851 1.621926528935405 0
1711605868852 1.615672306179551 0
1711605868853 1.6094385522149321 0
1711605868854 1.603866100901641 0
1711605868855 1.598506411770423 0
1711605868855 1.5927944410176318 0
1711605868856 1.5878644743179031 0
1711605868857 1.5820491848315001 0
1711605868858 1.5768680532767854 0
1711605868859 1.5721597180352471 0
1711605868860 1.566771471786054 0
1711605868860 1.5618789683368328 0
1711605868861 1.5565778329774247 0
1711605868862 1.5515611379300045 0
1711605868863 1.5463942299826958 0
1711605868864 1.5413156773946322 0
1711605868865 1.5365198943559042 0
1711605868865 1.5315663668622967 0
1711605868866 1.5271843123867175 0
1711605868867 1.522391612533049 0
1711605868868 1.5178746236923641 0
1711605868869 1.513628468993339 0
1711605868870 1.5093171462176143 0
1711605868871 1.5049160552640921 0
1711605868871 1.500733965424886 0
1711605868872 1.4964469259246276 0
1711605868873 1.4923292791334064 0
1711605868874 1.48837933634718 0
1711605868875 1.4845714707872124 0
1711605868876 1.480701247316292 0
1711605868877 1.476720946524225 0
1711605868878 1.4729358116015396 0
1711605868879 1.4692897368038058 0
1711605868880 1.466097622112275 0
1711605868881 1.4625620273078113 0
1711605868881 1.4590746140947637 0
1711605868882 1.4554843261226384 0
1711605868883 1.4520199143451005 0
1711605868884 1.449331147690876 0
1711605868885 1.4458689941218466 0
1711605868886 1.4424771833769492 0
1711605868887 1.4393939541828786 0
1711605868887 1.4363163413611901 0
1711605868888 1.4332386713927265 0
1711605868889 1.4300051065883161 0
1711605868890 1.427132355519209 0
1711605868891 1.4241275605285066 0
1711605868892 1.4211202529799614 0
1711605868892 1.4180885629342506 0
1711605868893 1.4155934198361484 0
1711605868894 1.4129053675412715 0
1711605868895 1.4100928353960966 0
1711605868896 1.4074443548900157 0
1711605868897 1.404947091048184 0
1711605868898 1.4023259981561333 0
1711605868898 1.3995889645963628 0
1711605868899 1.3970735857037795 0
1711605868900 1.394414243169176 0
1711605868902 1.3918109008317479 0
1711605868903 1.3894179806634142 0
1711605868904 1.387023905213237 0
1711605868905 1.384739377478988 0
1711605868906 1.3825195963380816 0
1711605868907 1.3801950341227254 0
1711605868908 1.37781598480935 0
1711605868909 1.3754510020183952 0
