1711605852405 1.8929475380083074 0
1711605852407 1.8849338131882214 0
1711605852413 1.8758468398335 0
1711605852414 1.8667991223646452 0
1711605852416 1.857972551316826 0
1711605852417 1.8486413099797763 0
1711605852419 1.8396695005971937 0
1711605852420 1.8327352765028313 0
1711605852422 1.8247007562786441 0
1711605852423 1.8178123203279808 0
1711605852425 1.811163525703456 0
1711605852427 1.8048739343923208 0
1711605852428 1.796667887591961 0
1711605852430 1.7898492355155797 0
1711605852431 1.781829617933886 0
1711605852432 1.7744543834881694 0
1711605852434 1.7672883998982174 0
1711605852435 1.760233348244694 0
1711605852436 1.754636034607027 0
1711605852438 1.747739089875231 0
1711605852439 1.7405531516870358 0
1711605852440 1.7339088500667146 0
1711605852442 1.7273477624349696 0
1711605852443 1.721150896881449 0
1711605852444 1.7148520136938632 0
1711605852446 1.7081647931948867 0
1711605852447 1.702452285956223 0
1711605852448 1.6964704002210171 0
1711605852450 1.690029309650058 0
1711605852451 1.6839294909595202 0
1711605852452 1.677841911582525 0
1711605852453 1.671789814405292 0
1711605852455 1.6659841202160628 0
1711605852456 1.660484330885904 0
1711605852457 1.6547382596369296 0
1711605852459 1.6491062141435693 0
1711605852460 1.6440163811784023 0
1711605852461 1.6391566307737224 0
1711605852462 1.6339273535627996 0
1711605852464 1.6286965346928004 0
1711605852465 1.623720047920775 0
1711605852466 1.6185843468965495 0
1711605852468 1.613450465873122 0
1711605852469 1.6088646452146307 0
1711605852471 1.6045607316788502 0
1711605852472 1.599920381402106 0
1711605852473 1.5954382972073229 0
1711605852475 1.591131205032481 0
1711605852476 1.586843624472057 0
1711605852478 1.582321564170524 0
1711605852479 1.5780586568528905 0
1711605852481 1.5735451457571203 0
1711605852482 1.5692895314925697 0
1711605852486 1.5651014029641097 0
1711605852487 1.5609664862717372 0
1711605852488 1.557101414744249 0
1711605852490 1.5536730566975092 0
1711605852491 1.5497817833632217 0
1711605852493 1.5460492923061442 0
1711605852494 1.5423965160596846 0
1711605852496 1.5387221345869975 0
1711605852497 1.5352077319888269 0
1711605852499 1.5317002156210457 0
1711605852500 1.5282258934674282 0
1711605852502 1.5246291972455919 0
1711605852503 1.5212058243931497 0
1711605852505 1.5181313009514208 0
1711605852506 1.5150293062751532 0
1711605852508 1.5118172640977914 0
1711605852510 1.5085135311774782 0
1711605852511 1.5054686264953498 0
1711605852513 1.5021644772276124 0
1711605852514 1.4990858705610064 0
1711605852516 1.4959615318396737 0
1711605852517 1.4928993674588955 0
1711605852519 1.490042086539855 0
1711605852520 1.4868706201917081 0
1711605852522 1.4839817946598717 0
1711605852523 1.4811276494616763 0
1711605852524 1.4784639017365946 0
1711605852525 1.4756921929923725 0
1711605852526 1.4730036055280618 0
1711605852527 1.470502220881968 0
1711605852528 1.4678678342621785 0
1711605852529 1.4653508375352147 0
1711605852530 1.4633737506012492 0
1711605852530 1.4608261466312304 0
1711605852531 1.4585197941948547 0
1711605852532 1.455982885575846 0
1711605852533 1.4536746621793823 0
1711605852534 1.4513319092230843 0
1711605852535 1.448925742672352 0
1711605852535 1.44661384763575 0
1711605852536 1.4444791180357663 0
1711605852537 1.442165086704831 0
1711605852538 1.4401084191957758 0
1711605852539 1.4380250131098742 0
1711605852540 1.435922251496006 0
1711605852541 1.4339517474611219 0
1711605852542 1.431781062720646 0
