1711605943803 1.834944902033735 0
1711605943805 1.7751653175150366 0
1711605943807 1.7211294508818342 0
1711605943808 1.6719147117953783 0
1711605943810 1.6270464245287297 0
1711605943812 1.582689624413276 0
1711605943814 1.5430895536920217 0
1711605943815 1.5068976569058445 0
1711605943816 1.4741653366766543 0
1711605943817 1.4448156209309237 0
1711605943818 1.4165897035503991 0
1711605943819 1.390751434756319 0
1711605943820 1.367943469745195 0
1711605943821 1.346122194776125 0
1711605943822 1.326476260517684 0
1711605943823 1.307891459950789 0
1711605943824 1.2908954727931428 0
1711605943825 1.273804476839776 0
1711605943826 1.2596588457074573 0
1711605943827 1.246956772779583 0
1711605943828 1.2346391086870792 0
1711605943829 1.221954698005579 0
1711605943830 1.211371077072417 0
1711605943831 1.2015936635566251 0
1711605943831 1.1914282842484127 0
1711605943833 1.183380864295494 0
1711605943833 1.1741671579365638 0
1711605943834 1.1639851942963393 0
1711605943835 1.1563693542649771 0
1711605943836 1.1472802489214224 0
1711605943837 1.1411383270813078 0
1711605943838 1.1333532549102665 0
1711605943839 1.1271915062652629 0
1711605943840 1.1210891137395846 0
1711605943841 1.1151304327728722 0
1711605943842 1.1093339767413943 0
1711605943843 1.1039216024141996 0
1711605943844 1.0987924167507297 0
1711605943845 1.0944647050624283 0
1711605943846 1.089785285876659 0
1711605943847 1.0853542347740905 0
1711605943848 1.0807534299384973 0
1711605943849 1.07638746770159 0
1711605943850 1.0724185767865042 0
1711605943851 1.067817758897599 0
1711605943852 1.0637848999814385 0
1711605943853 1.0606296217292384 0
1711605943854 1.057360002558967 0
1711605943855 1.0528327667328503 0
1711605943856 1.0481035500927365 0
1711605943857 1.0437180468397893 0
1711605943858 1.0402720653651547 0
1711605943859 1.036265030916403 0
1711605943860 1.0328278529659098 0
1711605943861 1.0299125102315656 0
1711605943861 1.0271806415227516 0
1711605943862 1.0245554524498026 0
1711605943863 1.0204572594729393 0
1711605943864 1.0170953482521965 0
1711605943866 1.0134713076721733 0
1711605943866 1.0102491869928467 0
1711605943867 1.0074179247596278 0
1711605943868 1.005318861438703 0
1711605943869 1.0034251360234712 0
1711605943870 1.001566211166734 0
1711605943871 0.9993711115682581 0
1711605943872 0.9974235633429984 0
1711605943873 0.9955267440918878 0
1711605943874 0.9931065191790465 0
1711605943874 0.9914921209978237 0
1711605943875 0.9890922760698929 0
1711605943876 0.9868720839791231 0
1711605943877 0.9853264097710176 0
1711605943878 0.9830887539050235 0
1711605943879 0.9807813167306337 0
1711605943880 0.9783036946233455 0
1711605943881 0.9756836225907128 0
1711605943881 0.9735290562610945 0
1711605943882 0.9725768161315134 0
1711605943883 0.9719988777722296 0
1711605943884 0.970359032461415 0
1711605943885 0.9693841198458818 0
1711605943886 0.9674896993341978 0
1711605943887 0.9660246407437311 0
1711605943888 0.9633357442321164 0
1711605943889 0.9618650533836423 0
1711605943889 0.9608556669885654 0
1711605943890 0.959472179098526 0
1711605943891 0.9588156986688037 0
1711605943892 0.9578606884794083 0
1711605943893 0.9559213119440723 0
1711605943894 0.9541218422144359 0
1711605943895 0.9525547546906071 0
1711605943896 0.9500322652154028 0
1711605943897 0.9491384244171018 0
1711605943897 0.9471707359691842 0
1711605943898 0.9454373236249797 0
1711605943899 0.9440459363087196 0
1711605943901 0.9425651655147398 0
1711605943902 0.9403264300377784 0
