1711605915451 1.8482486975318597 0
1711605915452 1.800842193963722 0
1711605915453 1.7579729520272083 0
1711605915454 1.7142621673522085 0
1711605915455 1.6744832883748053 0
1711605915456 1.6387354220521941 0
1711605915457 1.6060634551084056 0
1711605915457 1.576589630896561 0
1711605915458 1.5495004383426463 0
1711605915459 1.5251706156666998 0
1711605915460 1.503280339433994 0
1711605915461 1.4829737417150226 0
1711605915462 1.4639145936365885 0
1711605915463 1.4467113919492605 0
1711605915464 1.4309336740828242 0
1711605915465 1.4169052304317258 0
1711605915465 1.402763446058875 0
1711605915466 1.3907341622539575 0
1711605915467 1.3786089920923705 0
1711605915468 1.3675251104596307 0
1711605915469 1.3564434966170928 0
1711605915470 1.346847126762816 0
1711605915471 1.3382268037795042 0
1711605915472 1.3289292114503986 0
1711605915472 1.3199708899574014 0
1711605915473 1.3126136056214017 0
1711605915474 1.3044942582949393 0
1711605915475 1.2980913910652265 0
1711605915476 1.29143087058929 0
1711605915477 1.2848194281618976 0
1711605915478 1.2796319770960516 0
1711605915479 1.2740423739300706 0
1711605915479 1.2688082604578552 0
1711605915480 1.2628603958675424 0
1711605915481 1.2574619266704505 0
1711605915482 1.2535315706177694 0
1711605915483 1.2498208717078296 0
1711605915484 1.245491425962448 0
1711605915485 1.2412227176008714 0
1711605915486 1.2373760464772452 0
1711605915486 1.2343695878114798 0
1711605915487 1.2309833373475207 0
1711605915488 1.227580367854736 0
1711605915489 1.224149703501993 0
1711605915490 1.22062654632892 0
1711605915491 1.2164749936869643 0
1711605915492 1.213068021621253 0
1711605915493 1.210300200573837 0
1711605915494 1.2077412340363103 0
1711605915494 1.2050999602876207 0
1711605915495 1.2024934835928773 0
1711605915496 1.1988876218938163 0
1711605915497 1.1958154087269584 0
1711605915498 1.1931358039371611 0
1711605915499 1.1909427370798462 0
1711605915500 1.1881534235203184 0
1711605915501 1.1857010300770003 0
1711605915501 1.183947125163413 0
1711605915502 1.182247035598881 0
1711605915503 1.180361928345032 0
1711605915504 1.1786172331857634 0
1711605915505 1.1764854713124195 0
1711605915506 1.1747330888289689 0
1711605915507 1.173223659028673 0
1711605915508 1.1717529451408268 0
1711605915508 1.1700767161116161 0
1711605915509 1.1680325592420908 0
1711605915510 1.1663949503219688 0
1711605915511 1.1642681281003908 0
1711605915512 1.1630781941177013 0
1711605915513 1.161288414395183 0
1711605915514 1.1603021464549201 0
1711605915515 1.1586947800041407 0
1711605915515 1.1578114216194386 0
1711605915516 1.1563788293134558 0
1711605915517 1.1552199540505208 0
1711605915518 1.153957758067317 0
1711605915520 1.152823332833603 0
1711605915521 1.1518303426409455 0
1711605915521 1.1500476105426591 0
1711605915522 1.1490894097184794 0
1711605915523 1.14801457611265 0
1711605915524 1.1466430150803766 0
1711605915525 1.1458983108462462 0
1711605915526 1.1444730005371313 0
1711605915527 1.1433009449709677 0
1711605915528 1.1418586123709313 0
1711605915529 1.1407012092626279 0
1711605915529 1.140205082100991 0
1711605915530 1.1388294456760877 0
1711605915531 1.1374541879249884 0
1711605915532 1.1365102915325438 0
1711605915533 1.1353671744593616 0
1711605915534 1.1347007993709224 0
1711605915535 1.134266259414678 0
1711605915536 1.133144987399101 0
1711605915536 1.132124775031087 0
1711605915537 1.1317348465685706 0
1711605915538 1.1307519812921494 0
1711605915539 1.1293512216588082 0
