1711605971828 1.7984186532627924 0
1711605971831 1.7153201905251896 0
1711605971836 1.6374048249557056 0
1711605971837 1.5742430976715334 0
1711605971839 1.5217615626046916 0
1711605971839 1.4786681233303827 0
1711605971840 1.4425173759558012 0
1711605971841 1.4109542238491732 0
1711605971842 1.3844655188948096 0
1711605971843 1.3626386288584582 0
1711605971844 1.3426255005624015 0
1711605971845 1.3237294002888167 0
1711605971846 1.3084296752989046 0
1711605971847 1.2941442948097341 0
1711605971848 1.2829441066318528 0
1711605971849 1.271301599732474 0
1711605971850 1.2628857560466857 0
1711605971852 1.2535728398962673 0
1711605971853 1.243087197716148 0
1711605971854 1.2356478860057043 0
1711605971855 1.227869245095067 0
1711605971855 1.222323969057956 0
1711605971856 1.2165385860331095 0
1711605971857 1.2101667415775899 0
1711605971858 1.2051515052121504 0
1711605971859 1.2003789786849781 0
1711605971860 1.1948694818487682 0
1711605971861 1.189855599324154 0
1711605971862 1.1863837730844473 0
1711605971863 1.1826955213735753 0
1711605971864 1.1767544126908358 0
1711605971865 1.173654182583156 0
1711605971865 1.1692533643855472 0
1711605971866 1.164804982247157 0
1711605971867 1.1628871915114896 0
1711605971868 1.160020976948496 0
1711605971869 1.1560687442785513 0
1711605971870 1.1534604726985165 0
1711605971871 1.1504221050721501 0
1711605971872 1.1480850283186201 0
1711605971873 1.145956442653745 0
1711605971874 1.143928035441875 0
1711605971875 1.1422353281594677 0
1711605971875 1.1399497926649127 0
1711605971876 1.1390285921225394 0
1711605971877 1.137111367755771 0
1711605971878 1.1347182884368738 0
1711605971879 1.1339681582545142 0
1711605971880 1.132723330448403 0
1711605971881 1.1306308679639736 0
1711605971882 1.128736430341244 0
1711605971883 1.1259382767403006 0
1711605971884 1.1238872340911579 0
1711605971884 1.1219975845107284 0
1711605971885 1.12020475977027 0
1711605971886 1.1195151574650746 0
1711605971887 1.1173670021158515 0
1711605971888 1.1150151471691023 0
1711605971889 1.1143286481333563 0
1711605971890 1.1112810921555816 0
1711605971891 1.1106225235228868 0
1711605971892 1.1098184388073429 0
1711605971893 1.1078901543944897 0
1711605971894 1.1066338370381166 0
1711605971895 1.1060527944736909 0
1711605971896 1.105479591554386 0
1711605971897 1.1038817955859277 0
1711605971898 1.101540295281494 0
1711605971899 1.1004359300123856 0
1711605971900 1.0988124256910228 0
1711605971901 1.0984197803328908 0
1711605971902 1.0970360414417453 0
1711605971903 1.096746861611337 0
1711605971904 1.0952053807274529 0
1711605971905 1.0936233998530682 0
1711605971906 1.092568764465955 0
1711605971907 1.0910437776056228 0
1711605971908 1.0899697505562684 0
1711605971909 1.089737713205838 0
1711605971910 1.0881028492250044 0
1711605971912 1.0860667360107252 0
1711605971913 1.0851616574199305 0
1711605971914 1.0834702810208436 0
1711605971915 1.0825676083086324 0
1711605971916 1.0812644328573169 0
1711605971917 1.080838774955826 0
1711605971918 1.0796410523984832 0
1711605971919 1.078666715244158 0
1711605971920 1.0783278519191375 0
1711605971921 1.0772204968261212 0
1711605971922 1.0751047159530915 0
1711605971923 1.0744635085308738 0
1711605971924 1.0740137603612827 0
1711605971925 1.0726277549129763 0
1711605971926 1.0704040767407983 0
1711605971927 1.0685270321707887 0
1711605971928 1.0676690061021576 0
1711605971929 1.067137847871023 0
1711605971930 1.0669270624866862 0
1711605971931 1.0660309941389665 0
