1711605911655 1.8608691370741473 0
1711605911656 1.8192576219334082 0
1711605911658 1.7822189104519934 0
1711605911659 1.7437309375547365 0
1711605911660 1.7116894349223397 0
1711605911662 1.6814214321030403 0
1711605911663 1.6542215242429552 0
1711605911664 1.6283964049352175 0
1711605911665 1.605871333038136 0
1711605911667 1.5827618140725417 0
1711605911668 1.5622701450006549 0
1711605911669 1.5466601412350829 0
1711605911671 1.5285227367539327 0
1711605911672 1.511855273407114 0
1711605911673 1.4977896301573577 0
1711605911675 1.4825853335874708 0
1711605911676 1.4688211651691443 0
1711605911677 1.456886736585292 0
1711605911678 1.4447740714411035 0
1711605911680 1.4362275591131026 0
1711605911681 1.4260721286282991 0
1711605911682 1.4163197545998343 0
1711605911684 1.4073704812171675 0
1711605911685 1.3988042217203285 0
1711605911686 1.3904479570773018 0
1711605911688 1.3829061014219022 0
1711605911689 1.3759781292649942 0
1711605911690 1.3696120315256375 0
1711605911691 1.3638414948057789 0
1711605911692 1.3585284113783003 0
1711605911694 1.3520740843672998 0
1711605911695 1.3469252538092227 0
1711605911696 1.3420960576586103 0
1711605911698 1.3376084072414471 0
1711605911699 1.3331269501220728 0
1711605911700 1.3293549268424958 0
1711605911701 1.3256457820032956 0
1711605911703 1.3211919832040282 0
1711605911704 1.3170881567423454 0
1711605911705 1.3145856272123326 0
1711605911707 1.3108076830161268 0
1711605911708 1.307750319333404 0
1711605911709 1.3048599784147452 0
1711605911710 1.3021018221972014 0
1711605911712 1.2991379547717037 0
1711605911713 1.2966400182199664 0
1711605911714 1.2934796176607417 0
1711605911716 1.291116943900178 0
1711605911717 1.2881285324849407 0
1711605911719 1.2855337519820127 0
1711605911720 1.2833050327854865 0
1711605911722 1.2802074709244053 0
1711605911723 1.2783318448171368 0
1711605911725 1.2767277286862344 0
1711605911726 1.274880847799578 0
1711605911727 1.2726388089627698 0
1711605911728 1.269764954593747 0
1711605911730 1.267351451164802 0
1711605911731 1.265388725903346 0
1711605911732 1.263328814747862 0
1711605911734 1.2615720934519021 0
1711605911735 1.2590959649429858 0
1711605911736 1.2574102768976765 0
1711605911738 1.2558400212284864 0
1711605911739 1.2538424458917856 0
1711605911740 1.2517825261487574 0
1711605911742 1.24994555524179 0
1711605911743 1.2488547524786635 0
1711605911744 1.247633278700593 0
1711605911745 1.245962596117682 0
1711605911747 1.2446069168919411 0
1711605911748 1.2433404339856031 0
1711605911750 1.2422868612603066 0
1711605911751 1.241257132918544 0
1711605911753 1.2400431559219967 0
1711605911754 1.2390616454319492 0
1711605911755 1.2376728961176229 0
1711605911756 1.2362529442415675 0
1711605911758 1.2352692031749788 0
1711605911759 1.2340614375869918 0
1711605911760 1.2324300325748814 0
1711605911762 1.2309683947549497 0
1711605911763 1.2297894931967832 0
1711605911764 1.228644236269423 0
1711605911765 1.2277853434516433 0
1711605911767 1.2270258356512957 0
1711605911768 1.225515481992268 0
1711605911769 1.2246528894833555 0
1711605911771 1.2228821096847766 0
1711605911772 1.2217022916582014 0
1711605911773 1.2200939172336414 0
1711605911774 1.2190727396539842 0
1711605911776 1.2184149079633315 0
1711605911777 1.217714980496141 0
1711605911778 1.216953959612265 0
1711605911780 1.21620497208947 0
1711605911781 1.2153680799641629 0
1711605911782 1.2142569009575828 0
1711605911784 1.213197038625133 0
1711605911785 1.2126002973087497 0
