1711605898425 1.8876702113562511 0
1711605898426 1.8751094267546962 0
1711605898427 1.8628111102689215 0
1711605898428 1.8505211823384067 0
1711605898429 1.8381583608487846 0
1711605898430 1.8268674200855535 0
1711605898431 1.814952622728443 0
1711605898431 1.8031512553897533 0
1711605898432 1.7919993109293597 0
1711605898433 1.7812711496641984 0
1711605898434 1.770336262263992 0
1711605898435 1.7594099046564375 0
1711605898436 1.7481305892644543 0
1711605898437 1.7376573467071985 0
1711605898438 1.7278422957590016 0
1711605898438 1.7177050504912017 0
1711605898439 1.7079949198716486 0
1711605898440 1.698131167253527 0
1711605898441 1.6888866226994526 0
1711605898442 1.6793360526966588 0
1711605898443 1.6702312262389418 0
1711605898444 1.661230006392153 0
1711605898444 1.6525763975753778 0
1711605898445 1.6440897977946758 0
1711605898447 1.6354710308063702 0
1711605898447 1.6269686663210339 0
1711605898448 1.6184781620020294 0
1711605898449 1.6103906053484238 0
1711605898450 1.6026464803696794 0
1711605898451 1.5944448573187446 0
1711605898452 1.5868113030779087 0
1711605898452 1.5793551740427638 0
1711605898453 1.5716687058935281 0
1711605898454 1.5645562099042114 0
1711605898455 1.556693050937252 0
1711605898456 1.5494792374467834 0
1711605898457 1.5426264932493572 0
1711605898458 1.5358403342386604 0
1711605898458 1.5287267638808315 0
1711605898459 1.5216987100970565 0
1711605898460 1.514898167484442 0
1711605898461 1.5081343930748445 0
1711605898462 1.5016528612587077 0
1711605898463 1.4954399857917837 0
1711605898464 1.489061555655906 0
1711605898465 1.483089570519165 0
1711605898465 1.4768794849135372 0
1711605898466 1.4713143045987342 0
1711605898467 1.4653849175171787 0
1711605898468 1.4598510505413287 0
1711605898469 1.4542220667763377 0
1711605898470 1.4483210860556952 0
1711605898471 1.4425565385194226 0
1711605898471 1.4371894746790237 0
1711605898472 1.4323721935155982 0
1711605898473 1.4270750109321684 0
1711605898474 1.422144285438602 0
1711605898475 1.4167596601926589 0
1711605898476 1.4117023452563182 0
1711605898477 1.4067197347886 0
1711605898477 1.4014408364566582 0
1711605898478 1.3965611840871226 0
1711605898479 1.3915220669769277 0
1711605898480 1.3866029049475046 0
1711605898481 1.3819957265459555 0
1711605898482 1.3772175788142353 0
1711605898482 1.3725791531887295 0
1711605898483 1.3681902871426388 0
1711605898484 1.3638854735083261 0
1711605898485 1.359439075072756 0
1711605898486 1.3551169484237566 0
1711605898487 1.351091253577269 0
1711605898487 1.3468946775696504 0
1711605898488 1.3429356550746907 0
1711605898489 1.3388968204762246 0
1711605898490 1.3351013836814913 0
1711605898491 1.3311457405951534 0
1711605898492 1.3273376947534212 0
1711605898493 1.323517230970617 0
1711605898494 1.3200719100617724 0
1711605898495 1.316490980183122 0
1711605898496 1.3126403793125319 0
1711605898497 1.3091657852050713 0
1711605898497 1.305522750221739 0
1711605898498 1.3019627121557413 0
1711605898499 1.298249041121233 0
1711605898500 1.2948702809001538 0
1711605898501 1.2915038022387813 0
1711605898502 1.2883689167301715 0
1711605898503 1.2852637398100533 0
1711605898504 1.2819520116137586 0
1711605898504 1.278897891611626 0
1711605898505 1.2755979997394917 0
1711605898506 1.2725452373618802 0
1711605898507 1.2694983450632615 0
1711605898508 1.266690699076537 0
1711605898509 1.2640813020469979 0
1711605898509 1.2612351524285628 0
1711605898510 1.258312208835128 0
1711605898511 1.2555832099019388 0
