1711605947724 1.8352355489214103 0
1711605947725 1.7752067415549493 0
1711605947726 1.7214474666105488 0
1711605947727 1.6742076563901351 0
1711605947728 1.626193302007205 0
1711605947729 1.5849007027092152 0
1711605947730 1.5449600835640445 0
1711605947731 1.5083537871513655 0
1711605947732 1.4738011241976916 0
1711605947733 1.442427350543404 0
1711605947734 1.4148854227978924 0
1711605947735 1.3879750397783288 0
1711605947736 1.3642582868646933 0
1711605947737 1.3421547852364957 0
1711605947737 1.3220615964525293 0
1711605947738 1.3028302026855794 0
1711605947739 1.2850957441211277 0
1711605947740 1.2693191625078795 0
1711605947741 1.2548326430845715 0
1711605947742 1.2411740000233284 0
1711605947743 1.2281296942747228 0
1711605947744 1.2167338310534779 0
1711605947745 1.2058516777801436 0
1711605947746 1.1954351655581932 0
1711605947747 1.1852813624788172 0
1711605947748 1.1765524368977627 0
1711605947749 1.1667865456587876 0
1711605947750 1.1592753432215241 0
1711605947751 1.1528895420170884 0
1711605947752 1.1459632159737905 0
1711605947753 1.1391705252841418 0
1711605947754 1.1316973878746421 0
1711605947755 1.1258848543583937 0
1711605947756 1.1195805377033956 0
1711605947757 1.1137346441596296 0
1711605947758 1.1070236582134168 0
1711605947759 1.1016117637691571 0
1711605947759 1.0966174583200723 0
1711605947760 1.091999275042911 0
1711605947761 1.0872510044143722 0
1711605947762 1.0826015651205025 0
1711605947763 1.0777988162534582 0
1711605947764 1.0740125891148877 0
1711605947765 1.0696826764382388 0
1711605947766 1.0653878737574995 0
1711605947767 1.0611240306673895 0
1711605947767 1.0569993155514756 0
1711605947768 1.0523304807556542 0
1711605947769 1.048380949891549 0
1711605947770 1.044265219600693 0
1711605947771 1.041151074380443 0
1711605947772 1.0380010720914927 0
1711605947773 1.033674114054785 0
1711605947774 1.029101773856989 0
1711605947775 1.0247504997276113 0
1711605947776 1.0229086078344627 0
1711605947776 1.019611055313756 0
1711605947777 1.0159281036969239 0
1711605947778 1.013336252785244 0
1711605947779 1.0099961112234412 0
1711605947780 1.0074081926091571 0
1711605947782 1.0051783850190472 0
1711605947783 1.0020091205226305 0
1711605947783 0.9998153510642986 0
1711605947785 0.9965953335391827 0
1711605947785 0.9940087811474803 0
1711605947786 0.9922273726173587 0
1711605947787 0.9905132828153765 0
1711605947788 0.9882425850477526 0
1711605947789 0.9861181630646833 0
1711605947791 0.9833195092022331 0
1711605947792 0.9807304649507127 0
1711605947793 0.9783389315655038 0
1711605947794 0.9765949217157689 0
1711605947795 0.9745461944188627 0
1711605947796 0.972587610005161 0
1711605947797 0.9703906609999379 0
1711605947798 0.9682855871224576 0
1711605947799 0.9659854147686586 0
1711605947800 0.9640381091837548 0
1711605947801 0.9614583595598772 0
1711605947802 0.9596696011606256 0
1711605947803 0.9574317596665236 0
1711605947804 0.9560272941652364 0
1711605947805 0.9544840593063604 0
1711605947806 0.9530403004525817 0
1711605947808 0.9516099780885312 0
1711605947809 0.9502062684011131 0
1711605947811 0.9490668339729668 0
1711605947812 0.9475850168625567 0
1711605947814 0.9464611943004225 0
1711605947817 0.9460357760101717 0
1711605947818 0.9428121308490659 0
1711605947820 0.9414545832536341 0
1711605947821 0.9408858584041808 0
1711605947823 0.9389440373695678 0
1711605947824 0.9373652725734613 0
1711605947825 0.9343040051219915 0
1711605947826 0.9327702107240533 0
1711605947827 0.931264645056163 0
