1711605862435 1.8902269997730345 0
1711605862436 1.8796860541450733 0
1711605862437 1.869385389138956 0
1711605862438 1.85927460812986 0
1711605862439 1.84925159292811 0
1711605862440 1.8395180744159536 0
1711605862441 1.8300107924590279 0
1711605862442 1.8199131999533344 0
1711605862442 1.8100335905201796 0
1711605862443 1.8010003166267463 0
1711605862444 1.7921241208544483 0
1711605862445 1.7834502903874767 0
1711605862446 1.7751652780183902 0
1711605862447 1.7668105282346096 0
1711605862448 1.757904075174492 0
1711605862449 1.7501304463030314 0
1711605862450 1.7426038329045301 0
1711605862450 1.7339909182416642 0
1711605862451 1.7256913837451155 0
1711605862452 1.7180815878774833 0
1711605862453 1.7099629306581687 0
1711605862454 1.7021006898857163 0
1711605862455 1.6949613976206863 0
1711605862455 1.687284912750533 0
1711605862456 1.6798586715982537 0
1711605862457 1.6724728545171337 0
1711605862458 1.6652316656218258 0
1711605862459 1.658241653000093 0
1711605862460 1.6518962757116784 0
1711605862461 1.645082228839876 0
1711605862461 1.6383811835229039 0
1711605862462 1.6318695326338661 0
1711605862463 1.62534587221823 0
1711605862464 1.618936692791606 0
1711605862465 1.6127031824483016 0
1711605862466 1.6065448032799197 0
1711605862467 1.6005635123262256 0
1711605862467 1.5946906954973723 0
1711605862468 1.5891387412969828 0
1711605862469 1.5835007536645398 0
1711605862470 1.577787899060326 0
1711605862471 1.572328446389422 0
1711605862472 1.5668963437580328 0
1711605862472 1.5615947672606827 0
1711605862473 1.5563928514776322 0
1711605862474 1.5513605766662975 0
1711605862475 1.5463677614679125 0
1711605862476 1.5414135643837448 0
1711605862477 1.5368511950459574 0
1711605862478 1.532063319426649 0
1711605862478 1.5273531006560221 0
1711605862479 1.522786066854709 0
1711605862480 1.5182992652950102 0
1711605862481 1.5138022025276496 0
1711605862482 1.5095061465291446 0
1711605862483 1.5050679617374942 0
1711605862483 1.5011917721854953 0
1711605862484 1.4970953276155732 0
1711605862485 1.4928800239846753 0
1711605862486 1.4887767836947439 0
1711605862487 1.4849094345445704 0
1711605862488 1.4811491528401726 0
1711605862489 1.4773927429052607 0
1711605862489 1.4735024362305207 0
1711605862490 1.4698269525654908 0
1711605862491 1.4660949806553023 0
1711605862492 1.4626638403716308 0
1711605862493 1.4591411612748515 0
1711605862494 1.455604438129758 0
1711605862494 1.4522022933812986 0
1711605862495 1.44887239748712 0
1711605862496 1.4455856709812906 0
1711605862497 1.4424493666309124 0
1711605862498 1.4391998858232935 0
1711605862499 1.4359160130563238 0
1711605862499 1.4327022380105965 0
1711605862501 1.4297006929223035 0
1711605862501 1.4267530730478386 0
1711605862503 1.4237312803152933 0
1711605862504 1.42070318487646 0
1711605862504 1.417835686433846 0
1711605862505 1.4151094652886778 0
1711605862506 1.4123938603520674 0
1711605862507 1.4096630636480598 0
1711605862508 1.4069664669315791 0
1711605862509 1.4041592654012545 0
1711605862509 1.401580900646967 0
1711605862510 1.398987909214525 0
1711605862511 1.396505837215577 0
1711605862512 1.3939921856561373 0
1711605862513 1.391452123176307 0
1711605862514 1.3890600552664252 0
1711605862515 1.3867252250912434 0
1711605862515 1.3843709606718924 0
1711605862516 1.3819258485268442 0
1711605862517 1.379567842887549 0
1711605862518 1.3774212819786031 0
1711605862519 1.3751634481925132 0
1711605862520 1.3727950042155543 0
1711605862521 1.370623587291901 0
