1711605855395 1.8915774509481154 0
1711605855396 1.8822840384735184 0
1711605855397 1.8751304470844061 0
1711605855398 1.865677775221247 0
1711605855399 1.8561974145895543 0
1711605855400 1.8492582630284118 0
1711605855401 1.8409904653793072 0
1711605855402 1.8329178732591234 0
1711605855403 1.8249166082587496 0
1711605855404 1.817477995238522 0
1711605855404 1.8095642493356996 0
1711605855405 1.8028489612233238 0
1711605855406 1.7953304043286318 0
1711605855407 1.7885625604056952 0
1711605855408 1.781327319539254 0
1711605855409 1.774278993720449 0
1711605855410 1.7672873738182684 0
1711605855410 1.7606452452255588 0
1711605855411 1.753644079827611 0
1711605855412 1.7468942501380407 0
1711605855413 1.740052039074812 0
1711605855414 1.7331719576090174 0
1711605855415 1.7266391562023724 0
1711605855416 1.7199220250792655 0
1711605855417 1.7139114037435834 0
1711605855418 1.7072033645037545 0
1711605855419 1.7007244602242464 0
1711605855419 1.69469388212177 0
1711605855420 1.6883753234681012 0
1711605855422 1.6821658691799342 0
1711605855423 1.6762283582922786 0
1711605855424 1.6709427919549187 0
1711605855425 1.6657512013602533 0
1711605855426 1.6597936305480179 0
1711605855427 1.6542657435534383 0
1711605855428 1.6487028526472531 0
1711605855429 1.643069828173059 0
1711605855430 1.637543734878914 0
1711605855431 1.6327894255841306 0
1711605855431 1.6276138606459758 0
1711605855432 1.6223637805795388 0
1711605855433 1.6178823609638833 0
1711605855434 1.6133169306487354 0
1711605855435 1.6082630802883893 0
1711605855436 1.604466896210549 0
1711605855436 1.599775543035586 0
1711605855437 1.5950281968322153 0
1711605855438 1.590229595043973 0
1711605855439 1.5865959839071937 0
1711605855440 1.58225001703648 0
1711605855441 1.5779832982079718 0
1711605855441 1.5735896856586136 0
1711605855442 1.5693038506114427 0
1711605855443 1.5659076976539685 0
1711605855444 1.5623308948638224 0
1711605855445 1.558204273015955 0
1711605855446 1.554293685723272 0
1711605855447 1.5512027298386202 0
1711605855448 1.5475708504470553 0
1711605855448 1.5441081255460927 0
1711605855449 1.540552323554026 0
1711605855450 1.536932431478274 0
1711605855451 1.5332008304446194 0
1711605855452 1.5296085437219176 0
1711605855453 1.5269830992693252 0
1711605855453 1.5232335187914698 0
1711605855454 1.5197483545267736 0
1711605855455 1.5162403589113482 0
1711605855456 1.5128956326663914 0
1711605855457 1.5095324955355478 0
1711605855458 1.5062952259739684 0
1711605855459 1.5029095077262704 0
1711605855459 1.4998451111619242 0
1711605855460 1.4968641002789342 0
1711605855461 1.4938460777756206 0
1711605855462 1.4910125185801655 0
1711605855463 1.4880702878659204 0
1711605855464 1.4850641382721703 0
1711605855465 1.4822525250296301 0
1711605855466 1.4795260161625265 0
1711605855467 1.4766721404339282 0
1711605855468 1.4738236665204985 0
1711605855469 1.4711255627989062 0
1711605855469 1.4684528064571454 0
1711605855470 1.465929502968158 0
1711605855471 1.4636280759982017 0
1711605855472 1.4608565815983192 0
1711605855473 1.4583544348378557 0
1711605855474 1.455728027511675 0
1711605855475 1.4533035966983656 0
1711605855475 1.4509522009345934 0
1711605855476 1.4492268338575498 0
1711605855477 1.4466326282474493 0
1711605855478 1.4441388757574376 0
1711605855479 1.4418931900882312 0
1711605855480 1.4396741383073426 0
1711605855480 1.437430549741179 0
1711605855481 1.4352278599984933 0
1711605855482 1.4332006734571803 0
1711605855483 1.4313153740388926 0
