1711605918870 1.85261227315924 0
1711605918872 1.8044077856678422 0
1711605918873 1.7608703457154624 0
1711605918874 1.7171483424269067 0
1711605918875 1.6787281690119618 0
1711605918875 1.6423252593707172 0
1711605918876 1.6093618213340861 0
1711605918877 1.5796247153488983 0
1711605918878 1.5521114616325464 0
1711605918879 1.5273613083169 0
1711605918880 1.5043963686191275 0
1711605918881 1.4841182600630702 0
1711605918882 1.464629811751193 0
1711605918883 1.4471272297930908 0
1711605918883 1.4308563395839098 0
1711605918884 1.4162621512635987 0
1711605918885 1.4025827151995776 0
1711605918886 1.389683319976547 0
1711605918887 1.3770633354298607 0
1711605918888 1.3663115208938061 0
1711605918889 1.3558351966472308 0
1711605918890 1.346687482173129 0
1711605918891 1.3377765429314996 0
1711605918892 1.3299388249473003 0
1711605918893 1.321390227527295 0
1711605918894 1.3137263452160983 0
1711605918894 1.306472517417458 0
1711605918895 1.2994457449940846 0
1711605918896 1.2934108176817556 0
1711605918897 1.2871716754981675 0
1711605918898 1.2814787963422467 0
1711605918899 1.2757672288800335 0
1711605918900 1.2713605820094924 0
1711605918901 1.2663293144785843 0
1711605918901 1.2617466295489799 0
1711605918902 1.2577857647952284 0
1711605918903 1.2535042311256661 0
1711605918904 1.2480220483153703 0
1711605918905 1.2431235081633414 0
1711605918906 1.2391666264395231 0
1711605918907 1.2349629404204394 0
1711605918908 1.2317874394377792 0
1711605918909 1.2286719700463908 0
1711605918909 1.2254801686679926 0
1711605918910 1.222367085021998 0
1711605918911 1.2186011193360848 0
1711605918912 1.2161238667050736 0
1711605918913 1.2133059138743683 0
1711605918914 1.2106833355794198 0
1711605918915 1.207057199261691 0
1711605918916 1.2035233687686009 0
1711605918916 1.2015368732747576 0
1711605918917 1.1995383066392669 0
1711605918918 1.1972065374875802 0
1711605918919 1.1940845966525586 0
1711605918920 1.1918998146946038 0
1711605918921 1.189052299532288 0
1711605918922 1.1870135777644937 0
1711605918923 1.18508372671203 0
1711605918924 1.1829644583120835 0
1711605918924 1.1810448198426804 0
1711605918925 1.1787956936388908 0
1711605918926 1.1772990709126165 0
1711605918927 1.1752061985618492 0
1711605918928 1.173467416582599 0
1711605918929 1.171529243452087 0
1711605918930 1.1701590615835804 0
1711605918931 1.1688708596882895 0
1711605918932 1.1669795504701805 0
1711605918933 1.1649859738156587 0
1711605918933 1.1634829125646744 0
1711605918934 1.162386551247493 0
1711605918935 1.1606053339392648 0
1711605918936 1.159813301247032 0
1711605918937 1.1589192630722824 0
1711605918938 1.156968460849412 0
1711605918939 1.1560960188379126 0
1711605918940 1.1553317760775825 0
1711605918941 1.1542471834470622 0
1711605918942 1.1537002344948104 0
1711605918943 1.1523757505596768 0
1711605918944 1.1511820113827191 0
1711605918945 1.149691956197268 0
1711605918946 1.1488018498243129 0
1711605918947 1.147722447769224 0
1711605918947 1.1462999004497962 0
1711605918948 1.1451004963401328 0
1711605918949 1.1439922833345626 0
1711605918950 1.1427286714669218 0
1711605918951 1.141946154880253 0
1711605918952 1.140981045528722 0
1711605918953 1.139566918916792 0
1711605918954 1.1384379072068844 0
1711605918955 1.1376781487303858 0
1711605918956 1.1365546554873391 0
1711605918957 1.1357076803000241 0
1711605918957 1.1350506313987647 0
1711605918958 1.1342898041835157 0
1711605918959 1.1331982481162763 0
1711605918960 1.1325539766432078 0
