1711605996760 1.7871937553317547 0
1711605996761 1.6969276293038014 0
1711605996763 1.6153948666982627 0
1711605996764 1.5451530434042784 0
1711605996765 1.488470407900994 0
1711605996766 1.4401990627723096 0
1711605996768 1.4022646911195709 0
1711605996769 1.3670925801748317 0
1711605996770 1.3363740539027067 0
1711605996772 1.3110509899041163 0
1711605996773 1.2895799695337797 0
1711605996775 1.2697496198546487 0
1711605996776 1.253898082462682 0
1711605996777 1.239243840138399 0
1711605996779 1.224897989916843 0
1711605996780 1.2131102609158244 0
1711605996781 1.2036622350096804 0
1711605996783 1.1910872630154243 0
1711605996784 1.1803484404406923 0
1711605996785 1.1722018296566616 0
1711605996786 1.164907140863529 0
1711605996787 1.1575846044808575 0
1711605996789 1.1523714999026784 0
1711605996790 1.147879431000223 0
1711605996791 1.1407751523850458 0
1711605996793 1.1349702400304544 0
1711605996794 1.1281028682316019 0
1711605996795 1.121120516010706 0
1711605996797 1.1160926323536104 0
1711605996798 1.111559424512593 0
1711605996799 1.1078818130816932 0
1711605996802 1.101735780933092 0
1711605996804 1.0973292130183314 0
1711605996805 1.0936583579571342 0
1711605996806 1.090495741328032 0
1711605996808 1.0866758759461805 0
1711605996809 1.0831641996054915 0
1711605996810 1.079876733237567 0
1711605996811 1.0765101239076529 0
1711605996813 1.0742919372961617 0
1711605996814 1.0725576611768066 0
1711605996815 1.0694105298923928 0
1711605996816 1.0659313304978895 0
1711605996818 1.0619209829006888 0
1711605996819 1.0583410737080348 0
1711605996820 1.0569338316533494 0
1711605996822 1.055029115414632 0
1711605996823 1.05354974503026 0
1711605996825 1.0515596995153855 0
1711605996827 1.0504496112925275 0
1711605996828 1.0495271575077272 0
1711605996830 1.047763823408534 0
1711605996831 1.0467401256613764 0
1711605996833 1.042107861670851 0
1711605996835 1.0388975164382828 0
1711605996836 1.037772832017196 0
1711605996837 1.036307791628749 0
1711605996839 1.0332380507757548 0
1711605996840 1.0322862414980483 0
1711605996842 1.0305611893877171 0
1711605996843 1.0287485228635567 0
1711605996845 1.02726423154122 0
1711605996846 1.0251463316176157 0
1711605996848 1.0233853661081997 0
1711605996850 1.0201690912240398 0
1711605996851 1.0198697703957682 0
1711605996853 1.0187307015427043 0
1711605996854 1.015551738216558 0
1711605996856 1.0132357291485905 0
1711605996858 1.0122387296683633 0
1711605996859 1.010692856726114 0
1711605996861 1.0084633135894607 0
1711605996862 1.0058575737992133 0
1711605996864 1.0052140355305297 0
1711605996865 1.003570079952738 0
1711605996867 1.0026400719616826 0
1711605996869 1.0005168604841355 0
1711605996870 0.9997067418619403 0
1711605996871 0.9992368060559703 0
1711605996873 0.9982865699234981 0
1711605996874 0.9974187569852475 0
1711605996876 0.9966844701610252 0
1711605996877 0.9941191710883804 0
1711605996879 0.9931562014042934 0
1711605996880 0.9891656387330662 0
1711605996882 0.9877240273164299 0
1711605996883 0.9857429824369937 0
1711605996884 0.984998387684826 0
1711605996885 0.9813782804231335 0
1711605996885 0.9810899955226267 0
1711605996886 0.9788208617538812 0
1711605996887 0.9762152902474954 0
1711605996888 0.9758315218400605 0
1711605996889 0.9750293808237966 0
1711605996890 0.974504137116123 0
1711605996891 0.9730215221758133 0
1711605996892 0.9712824778799136 0
1711605996893 0.9706575935995669 0
1711605996894 0.9687485361117174 0
1711605996894 0.9662068449846427 0
