1711605965271 1.8243705711833238 0
1711605965273 1.7607793232872708 0
1711605965274 1.6912384626065518 0
1711605965275 1.6346491552958053 0
1711605965276 1.5840762912653548 0
1711605965277 1.5546638630070795 0
1711605965278 1.5197649581698518 0
1711605965279 1.4886771135280898 0
1711605965280 1.4596434349446328 0
1711605965281 1.4365632568332025 0
1711605965282 1.4169784315016924 0
1711605965283 1.3988426881103284 0
1711605965284 1.384007994446993 0
1711605965285 1.3696152828547503 0
1711605965286 1.3561727532650314 0
1711605965286 1.3438490995357568 0
1711605965287 1.3333331558111008 0
1711605965288 1.3245876808913237 0
1711605965289 1.3165275242872543 0
1711605965290 1.308810221828943 0
1711605965291 1.302046963553532 0
1711605965292 1.296584003947032 0
1711605965293 1.2896200884596163 0
1711605965294 1.2845990012237056 0
1711605965294 1.2800700485744096 0
1711605965295 1.275075269285989 0
1711605965296 1.2709458704727747 0
1711605965297 1.2673381478837054 0
1711605965298 1.2628913795601078 0
1711605965299 1.25920591400028 0
1711605965300 1.256236711022275 0
1711605965301 1.2531553313158106 0
1711605965302 1.250034765386505 0
1711605965303 1.2476338730497327 0
1711605965303 1.2451188031348184 0
1711605965304 1.2418914266428647 0
1711605965305 1.2396946565140337 0
1711605965306 1.237568892311423 0
1711605965307 1.2353201083139114 0
1711605965308 1.2333212482517573 0
1711605965309 1.2303064657353229 0
1711605965310 1.2276539341381907 0
1711605965311 1.2260913445272381 0
1711605965312 1.222092654498367 0
1711605965313 1.220132787531459 0
1711605965313 1.2182098697957522 0
1711605965314 1.2154889177641792 0
1711605965315 1.2137246891986133 0
1711605965316 1.2109487970824515 0
1711605965317 1.2100263491034375 0
1711605965318 1.2083186133661163 0
1711605965319 1.2063293000113864 0
1711605965320 1.205004922879188 0
1711605965321 1.2036888427725176 0
1711605965322 1.2018958078088204 0
1711605965323 1.200809791923406 0
1711605965324 1.2000486964919896 0
1711605965324 1.1980812795866522 0
1711605965325 1.196617018172421 0
1711605965326 1.1950512949657757 0
1711605965327 1.1945298606868362 0
1711605965328 1.19387776124631 0
1711605965329 1.1929928441827558 0
1711605965330 1.1916704586197233 0
1711605965331 1.1906888469391186 0
1711605965332 1.18945119000332 0
1711605965333 1.1881879927279089 0
1711605965334 1.1875981526199884 0
1711605965334 1.1857811207098405 0
1711605965335 1.18532427315102 0
1711605965336 1.1842318126667992 0
1711605965337 1.1826838754100262 0
1711605965338 1.1813982331246764 0
1711605965339 1.1809651658587277 0
1711605965340 1.180158348456908 0
1711605965341 1.179697567790724 0
1711605965342 1.178405833515383 0
1711605965343 1.1774569780895128 0
1711605965344 1.177056243659473 0
1711605965345 1.1762617120641823 0
1711605965346 1.1753403103221076 0
1711605965347 1.1744324890742837 0
1711605965348 1.1741752200038549 0
1711605965349 1.1738714140399753 0
1711605965349 1.173399162072363 0
1711605965350 1.172091222306478 0
1711605965351 1.1709729670386242 0
1711605965352 1.1702286151870716 0
1711605965353 1.1696488658811157 0
1711605965354 1.1692346664234587 0
1711605965355 1.1680885697886678 0
1711605965356 1.166695358950828 0
1711605965357 1.1664320633553438 0
1711605965358 1.16563720472075 0
1711605965359 1.1651853182514194 0
1711605965359 1.1640613009935454 0
1711605965360 1.1631234686839595 0
1711605965361 1.1622889712041091 0
1711605965362 1.160936240736598 0
1711605965363 1.1602470878912239 0
