1711605879904 1.888883887709717 0
1711605879906 1.876426183798122 0
1711605879907 1.865000880973 0
1711605879908 1.853963416141494 0
1711605879910 1.8428916165606721 0
1711605879911 1.8312970954866141 0
1711605879912 1.82076259411148 0
1711605879914 1.8105115393822364 0
1711605879915 1.8003757234753108 0
1711605879916 1.7904102068839758 0
1711605879918 1.7801604125227024 0
1711605879919 1.770636208223338 0
1711605879921 1.7610787842414664 0
1711605879922 1.7511815366733077 0
1711605879923 1.7420514218936756 0
1711605879924 1.732915315616425 0
1711605879925 1.724229066016461 0
1711605879926 1.7152815953253762 0
1711605879927 1.705966158375746 0
1711605879928 1.6976656547765627 0
1711605879929 1.6894140435201297 0
1711605879930 1.6807657207541709 0
1711605879930 1.6729741117306582 0
1711605879931 1.6647919948260983 0
1711605879932 1.6567977128807374 0
1711605879933 1.6487949668063282 0
1711605879934 1.6407954710090893 0
1711605879935 1.6329815855599104 0
1711605879936 1.6260387900577633 0
1711605879937 1.6189069945159724 0
1711605879937 1.6124836903746664 0
1711605879938 1.605675718756823 0
1711605879939 1.5994026966586299 0
1711605879940 1.5923815411241056 0
1711605879941 1.5857855580578248 0
1711605879942 1.5791515626086903 0
1711605879943 1.5725157584980045 0
1711605879944 1.5662045156345696 0
1711605879945 1.5597154719579793 0
1711605879945 1.553244422740225 0
1711605879946 1.5469498334258147 0
1711605879947 1.5407685342013338 0
1711605879948 1.5347250775257444 0
1711605879949 1.5286912983636574 0
1711605879950 1.522989927934887 0
1711605879951 1.5172512934744788 0
1711605879951 1.5115097702190399 0
1711605879952 1.505964947676787 0
1711605879953 1.5004964090937825 0
1711605879954 1.4952805789584491 0
1711605879955 1.4900120576518348 0
1711605879956 1.48493581716056 0
1711605879957 1.479909884328398 0
1711605879957 1.4749121719841483 0
1711605879958 1.469975213494699 0
1711605879959 1.465212136425081 0
1711605879960 1.4602790960212 0
1711605879961 1.4557438998924657 0
1711605879962 1.4510968483021849 0
1711605879963 1.4465818076279604 0
1711605879963 1.4421274692180546 0
1711605879964 1.4377721061722522 0
1711605879965 1.4335500010918267 0
1711605879966 1.429341631059015 0
1711605879967 1.4254226907650471 0
1711605879968 1.4211954349638651 0
1711605879969 1.4172172518560522 0
1711605879970 1.413452236672571 0
1711605879971 1.409536345275854 0
1711605879972 1.4056150502173785 0
1711605879973 1.4018913793072139 0
1711605879974 1.3980896542978947 0
1711605879975 1.394468458411974 0
1711605879975 1.390870475960803 0
1711605879976 1.3872239243894828 0
1711605879977 1.3837928554330707 0
1711605879978 1.380429257912639 0
1711605879979 1.377023119778728 0
1711605879980 1.373677818971207 0
1711605879981 1.3705848576646145 0
1711605879981 1.3673848400673871 0
1711605879982 1.3642810457430172 0
1711605879983 1.3612046469051866 0
1711605879984 1.3580351577520564 0
1711605879985 1.3549472805704297 0
1711605879986 1.3519892046852608 0
1711605879987 1.3489865021803955 0
1711605879987 1.3461152646726677 0
1711605879988 1.3431433419254726 0
1711605879989 1.340311061447144 0
1711605879990 1.3375920025628514 0
1711605879991 1.334897931163785 0
1711605879992 1.3322087322551956 0
1711605879993 1.3293125370541345 0
1711605879993 1.3265852593163332 0
1711605879994 1.3239466478724093 0
1711605879995 1.3214839062935133 0
1711605879996 1.3188794381007685 0
1711605879997 1.3162883614123553 0
1711605879998 1.3138150694078305 0
