1711606008618 1.774471701809875 0
1711606008621 1.6710147692939274 0
1711606008622 1.5788720782408607 0
1711606008623 1.5064331737590728 0
1711606008624 1.4403910757814846 0
1711606008625 1.3881552475701524 0
1711606008626 1.3441225965329198 0
1711606008627 1.3031571282783356 0
1711606008627 1.2687703869534577 0
1711606008628 1.2406778023320828 0
1711606008629 1.2167308174334672 0
1711606008630 1.1959292976772538 0
1711606008631 1.1780248324612623 0
1711606008632 1.161714391990876 0
1711606008633 1.1471490721989435 0
1711606008634 1.1323644692929704 0
1711606008635 1.117885539248981 0
1711606008636 1.106926732874279 0
1711606008637 1.0953425299333754 0
1711606008638 1.087691701316637 0
1711606008638 1.0786191921531016 0
1711606008639 1.0706227679259888 0
1711606008640 1.0615274103222099 0
1711606008641 1.0559427130354195 0
1711606008642 1.0487306945695214 0
1711606008643 1.0427197985732644 0
1711606008644 1.0322056074548658 0
1711606008645 1.0244471744319321 0
1711606008646 1.0179124969758513 0
1711606008647 1.0109051458882718 0
1711606008648 1.0059734999782677 0
1711606008649 1.0019503114711363 0
1711606008650 0.9982118048240047 0
1711606008651 0.9942654867924385 0
1711606008652 0.9879194243741526 0
1711606008652 0.9828470275693423 0
1711606008653 0.9767521925685709 0
1711606008654 0.971201197639746 0
1711606008655 0.9682796590124948 0
1711606008656 0.9647567652946466 0
1711606008657 0.9625102755002046 0
1711606008658 0.9598378678816125 0
1711606008659 0.9558291039217169 0
1711606008660 0.9543406082516339 0
1711606008661 0.9515011289183961 0
1711606008662 0.9488849985193835 0
1711606008663 0.9450615232061506 0
1711606008664 0.9418815858577726 0
1711606008665 0.9381746950451114 0
1711606008667 0.9362442500897513 0
1711606008668 0.9335887990097255 0
1711606008669 0.9307259241898076 0
1711606008670 0.9257737261222062 0
1711606008671 0.9199738450294798 0
1711606008673 0.9172544623778566 0
1711606008674 0.9148697168941122 0
1711606008675 0.914481200909278 0
1711606008676 0.9095855134399755 0
1711606008677 0.90463127888184 0
1711606008678 0.9041354101025184 0
1711606008680 0.9021296959063506 0
1711606008681 0.899375171359853 0
1711606008682 0.8972021015001443 0
1711606008683 0.8951125329438194 0
1711606008684 0.894117004627754 0
1711606008685 0.8920013282164719 0
1711606008687 0.8907751345567927 0
1711606008688 0.8898197766871058 0
1711606008689 0.8882529774662654 0
1711606008690 0.88797536322031 0
1711606008691 0.8832244529314873 0
1711606008693 0.8825561446655881 0
1711606008694 0.8796593199060999 0
1711606008695 0.8744778354391134 0
1711606008696 0.8707837355706965 0
1711606008697 0.8690088708379171 0
1711606008698 0.8656255430920435 0
1711606008699 0.8636764753095856 0
1711606008701 0.8629276262607872 0
1711606008702 0.8622328914123611 0
1711606008703 0.8582789525453395 0
1711606008704 0.8579263869625736 0
1711606008706 0.8570761276523025 0
1711606008707 0.8538217127681849 0
1711606008708 0.8512814633723943 0
1711606008710 0.8482681538250043 0
1711606008711 0.8457289173687084 0
1711606008712 0.8426504997844563 0
1711606008713 0.8389154008782596 0
1711606008715 0.8362560589638649 0
1711606008716 0.8351675260561653 0
1711606008717 0.8336218218487541 0
1711606008718 0.8333972584861397 0
1711606008720 0.8294682894311243 0
1711606008721 0.8291710327156862 0
1711606008722 0.8258242047698415 0
1711606008724 0.825092891816598 0
1711606008725 0.8245037459021196 0
1711606008726 0.821051382933592 0
1711606008728 0.8207877448731299 0
