1711605872815 1.888706692905349 0
1711605872816 1.8768812328428954 0
1711605872817 1.8652887864659935 0
1711605872818 1.8539260578016385 0
1711605872819 1.8427871802299085 0
1711605872820 1.8318690134301518 0
1711605872821 1.8211656301241341 0
1711605872822 1.8106738112929046 0
1711605872823 1.8003843904169337 0
1711605872824 1.7902438972289134 0
1711605872824 1.7802983699681456 0
1711605872825 1.770542762738848 0
1711605872826 1.7610225025821415 0
1711605872827 1.7514927345420366 0
1711605872828 1.74228391077091 0
1711605872829 1.733113765320954 0
1711605872830 1.7242595613654905 0
1711605872830 1.7153922890906517 0
1711605872831 1.7068675981072128 0
1711605872832 1.6977712765639044 0
1711605872833 1.6888261158017017 0
1711605872834 1.680616786378222 0
1711605872835 1.6719985877937518 0
1711605872836 1.663533167112247 0
1711605872837 1.655250314705574 0
1711605872838 1.6470973673724327 0
1711605872838 1.6391570328757816 0
1711605872839 1.631315249828373 0
1711605872840 1.6236360922209316 0
1711605872841 1.616123992243364 0
1711605872842 1.6087481800656585 0
1711605872843 1.6015223229050617 0
1711605872843 1.5948249357007978 0
1711605872844 1.5878202946021018 0
1711605872845 1.5809601284587362 0
1711605872846 1.574277707151445 0
1711605872847 1.567531739842708 0
1711605872848 1.56093788421923 0
1711605872849 1.554577673848366 0
1711605872850 1.5482097363839027 0
1711605872851 1.5419852729362868 0
1711605872852 1.53601422070923 0
1711605872852 1.5299563567527676 0
1711605872853 1.524060320125731 0
1711605872854 1.5183551601335492 0
1711605872855 1.5126911247157573 0
1711605872856 1.5070724849764863 0
1711605872857 1.501752984615228 0
1711605872858 1.4963773766512332 0
1711605872858 1.4911098834311922 0
1711605872859 1.4859493134058208 0
1711605872860 1.4809036481020719 0
1711605872861 1.4759295620275987 0
1711605872862 1.471097792722149 0
1711605872863 1.466291622878386 0
1711605872864 1.4615554869300011 0
1711605872864 1.4569845739483112 0
1711605872865 1.4524397860932525 0
1711605872866 1.4480537697217246 0
1711605872867 1.4436966529790476 0
1711605872868 1.4394015578619044 0
1711605872869 1.4352263681285595 0
1711605872870 1.4310807844676097 0
1711605872870 1.4270494769164481 0
1711605872871 1.4229835656073104 0
1711605872872 1.4190340059980404 0
1711605872873 1.4150318406552629 0
1711605872874 1.4112217512412881 0
1711605872875 1.4073665484583096 0
1711605872876 1.403570983849244 0
1711605872877 1.399950641790761 0
1711605872878 1.3962633590273594 0
1711605872878 1.3926541647017436 0
1711605872879 1.389153165017847 0
1711605872880 1.3857701805686324 0
1711605872881 1.3822524123602762 0
1711605872882 1.3788691967244808 0
1711605872883 1.3754550886318067 0
1711605872884 1.3721514185431702 0
1711605872885 1.3689885438686824 0
1711605872886 1.3657737781044026 0
1711605872887 1.3626511788078093 0
1711605872888 1.35954130841766 0
1711605872889 1.3565400705622983 0
1711605872890 1.3535469349834846 0
1711605872891 1.3506382808553332 0
1711605872892 1.3478187969801243 0
1711605872892 1.3450503355034324 0
1711605872893 1.34225049881086 0
1711605872894 1.339566339147326 0
1711605872895 1.3368730263995732 0
1711605872896 1.334134561142179 0
1711605872897 1.3314069964649933 0
1711605872898 1.3287490911342552 0
1711605872898 1.3261098406701342 0
1711605872899 1.32364961594983 0
1711605872900 1.321171197038522 0
1711605872901 1.3188043537964875 0
1711605872902 1.3164826093255868 0
1711605872904 1.313938464500441 0
