1711605932917 1.8415749143878226 0
1711605932918 1.7884439234861131 0
1711605932919 1.740845824923725 0
1711605932920 1.6957170801862818 0
1711605932921 1.6518732259248807 0
1711605932922 1.612028930353688 0
1711605932923 1.5763893361401609 0
1711605932924 1.5437223596807288 0
1711605932925 1.513420606445179 0
1711605932926 1.486233174020094 0
1711605932927 1.46128173954959 0
1711605932927 1.438168629596317 0
1711605932928 1.4178339718779351 0
1711605932929 1.3982067584708717 0
1711605932930 1.3797327005103637 0
1711605932931 1.3629631059749499 0
1711605932932 1.3473902198203036 0
1711605932933 1.3331235718219998 0
1711605932934 1.319499458328642 0
1711605932935 1.307543440695769 0
1711605932935 1.2952312793108336 0
1711605932936 1.2847610555845854 0
1711605932937 1.2754347869581482 0
1711605932938 1.2662098223215408 0
1711605932939 1.2567390914393122 0
1711605932940 1.247599416687907 0
1711605932941 1.238630158019562 0
1711605932942 1.2321919663094592 0
1711605932943 1.2256125494383652 0
1711605932943 1.2183007231761465 0
1711605932944 1.2122478525601772 0
1711605932945 1.206599244612031 0
1711605932946 1.2002894039204595 0
1711605932947 1.1945648348431617 0
1711605932948 1.1895081427270384 0
1711605932949 1.1848073722301888 0
1711605932950 1.180622517759819 0
1711605932951 1.1755840123114223 0
1711605932952 1.1708909234774536 0
1711605932953 1.1657848989337452 0
1711605932953 1.1616036534203844 0
1711605932954 1.158588236389939 0
1711605932955 1.1546549009723843 0
1711605932956 1.1510349767308845 0
1711605932957 1.147737534979563 0
1711605932958 1.144251971308827 0
1711605932959 1.1419807766661954 0
1711605932960 1.1387682400116999 0
1711605932961 1.1360011702842148 0
1711605932961 1.1334216366008705 0
1711605932962 1.130363623253305 0
1711605932963 1.1276006066809503 0
1711605932964 1.1246248513756596 0
1711605932965 1.1207152281915886 0
1711605932966 1.1185309865615707 0
1711605932967 1.1158275859340783 0
1711605932968 1.1135219397120137 0
1711605932969 1.1116891721770596 0
1711605932969 1.1092664317043637 0
1711605932970 1.1063763013120582 0
1711605932971 1.104783407020486 0
1711605932972 1.102749019860695 0
1711605932973 1.1009009659503948 0
1711605932974 1.0982471713824828 0
1711605932975 1.0964077714959586 0
1711605932976 1.0933564478783013 0
1711605932977 1.0912554961456524 0
1711605932977 1.0896663234933202 0
1711605932978 1.088144475667928 0
1711605932979 1.0865960119377311 0
1711605932980 1.084146985114048 0
1711605932981 1.0826612438837813 0
1711605932982 1.0801975513827986 0
1711605932983 1.0784676313144468 0
1711605932984 1.0763918004553095 0
1711605932985 1.074982448159655 0
1711605932986 1.073644678488784 0
1711605932987 1.0720181765731642 0
1711605932988 1.0704205561362763 0
1711605932989 1.068513869020624 0
1711605932990 1.0671271451154831 0
1711605932991 1.06546393688344 0
1711605932991 1.0645398548377594 0
1711605932992 1.0624816175668286 0
1711605932993 1.060259862489334 0
1711605932994 1.0589815189849794 0
1711605932995 1.0582234653465874 0
1711605932996 1.057372991833714 0
1711605932997 1.0556638558012534 0
1711605932998 1.0552614101267968 0
1711605932999 1.0539241232156442 0
1711605933000 1.052983256868927 0
1711605933001 1.052085937997668 0
1711605933001 1.050494338040969 0
1711605933002 1.0489575194235612 0
1711605933003 1.0469908278101459 0
1711605933004 1.0456761164634596 0
1711605933005 1.0450418062294862 0
1711605933006 1.043897865406472 0
1711605933007 1.043064285461063 0
