1711605993207 1.7905825204738943 0
1711605993208 1.6937126908777698 0
1711605993209 1.6115263652973604 0
1711605993210 1.5460658967601635 0
1711605993211 1.4898267224303101 0
1711605993212 1.4455842328626562 0
1711605993213 1.4037302275653967 0
1711605993214 1.3678122390523284 0
1711605993215 1.3366276232275869 0
1711605993216 1.310682495712151 0
1711605993217 1.289574942969871 0
1711605993218 1.2701959639065599 0
1711605993219 1.2531167216793953 0
1711605993220 1.2387494475649035 0
1711605993221 1.2251823557895913 0
1711605993222 1.2118706294337764 0
1711605993223 1.2011260032476905 0
1711605993224 1.191130473294881 0
1711605993225 1.183527302174009 0
1711605993226 1.1759336658167947 0
1711605993226 1.166454966002338 0
1711605993227 1.1576139464226027 0
1711605993228 1.1524461258244807 0
1711605993229 1.1448728742427867 0
1711605993230 1.13824865144968 0
1711605993231 1.1320241942054412 0
1711605993232 1.1251598866578127 0
1711605993233 1.1217042356620937 0
1711605993234 1.1183087204420545 0
1711605993235 1.113138655284063 0
1711605993235 1.1089278688932673 0
1711605993236 1.1031849596097136 0
1711605993237 1.1005404533068288 0
1711605993238 1.097933520667448 0
1711605993239 1.094216280024457 0
1711605993240 1.0885507768425062 0
1711605993241 1.0856494113780906 0
1711605993242 1.0829928059232083 0
1711605993243 1.077843739451153 0
1711605993244 1.0747914688221887 0
1711605993245 1.0705063641873813 0
1711605993245 1.066969267204482 0
1711605993247 1.0658083802550056 0
1711605993248 1.0630953997007255 0
1711605993249 1.0602410231558177 0
1711605993249 1.057433504248634 0
1711605993250 1.0560729350061757 0
1711605993251 1.0529363021491518 0
1711605993252 1.0518639803660905 0
1711605993253 1.048868531704561 0
1711605993254 1.0438448669919476 0
1711605993255 1.0431325136220246 0
1711605993256 1.041963375034085 0
1711605993257 1.0389989144607121 0
1711605993258 1.0349348026441405 0
1711605993259 1.0332773717229768 0
1711605993259 1.0312716153858759 0
1711605993260 1.0308175950503866 0
1711605993261 1.0294697143888285 0
1711605993262 1.0275250330801249 0
1711605993263 1.0240537217212213 0
1711605993264 1.0207046163836397 0
1711605993265 1.0177625566087771 0
1711605993266 1.016685049759584 0
1711605993267 1.0149280959778788 0
1711605993268 1.0130029492432893 0
1711605993269 1.0110724732046934 0
1711605993269 1.0099253153670733 0
1711605993270 1.0069376493060385 0
1711605993271 1.0061747821224567 0
1711605993272 1.0037981661063125 0
1711605993273 1.0013366815813107 0
1711605993274 1.0008972560592853 0
1711605993275 0.9993472964793714 0
1711605993276 0.9986093508004927 0
1711605993277 0.9980360313951335 0
1711605993279 0.9956139101946473 0
1711605993279 0.9947656051510773 0
1711605993280 0.9923553846198708 0
1711605993281 0.9888040241835112 0
1711605993282 0.9862736181338099 0
1711605993283 0.9854325907698027 0
1711605993284 0.9851509323815001 0
1711605993285 0.9835393953690754 0
1711605993286 0.9813722718942015 0
1711605993287 0.9787623353386985 0
1711605993288 0.9782633415350822 0
1711605993289 0.9777903781484897 0
1711605993289 0.977456244578109 0
1711605993290 0.9769309496772003 0
1711605993291 0.9735051910977488 0
1711605993292 0.9727429028166306 0
1711605993293 0.9724881747950571 0
1711605993294 0.9710951396572217 0
1711605993295 0.9698514753764934 0
1711605993296 0.9666575927025999 0
1711605993297 0.966419437781792 0
1711605993298 0.9630779389338775 0
1711605993298 0.9628016010581819 0
1711605993299 0.9624797238464745 0
