1711605929166 1.8416570532753862 0
1711605929168 1.7882460162453873 0
1711605929170 1.7396428999647728 0
1711605929173 1.6948910831733621 0
1711605929176 1.65125713252513 0
1711605929178 1.6117800507210756 0
1711605929179 1.5760181962449937 0
1711605929181 1.542624801103053 0
1711605929183 1.5130567885681259 0
1711605929185 1.4855590885604 0
1711605929186 1.460447329923955 0
1711605929193 1.437898422063981 0
1711605929194 1.4169078020287837 0
1711605929195 1.397506076449179 0
1711605929196 1.3797597444416023 0
1711605929196 1.3633780145432488 0
1711605929197 1.3480388063126176 0
1711605929198 1.334073150585358 0
1711605929199 1.3199981196049762 0
1711605929200 1.3076457153030498 0
1711605929201 1.2965384850226525 0
1711605929202 1.285218059646716 0
1711605929203 1.2752579750531694 0
1711605929203 1.2655509937981304 0
1711605929205 1.2573826931270198 0
1711605929206 1.2484027809416742 0
1711605929207 1.2402310326522255 0
1711605929208 1.2323413920933526 0
1711605929210 1.2259462839761663 0
1711605929212 1.218243645930852 0
1711605929215 1.2125956658938097 0
1711605929217 1.206392037366792 0
1711605929217 1.20114800456687 0
1711605929218 1.1952653624690948 0
1711605929219 1.1901331804066078 0
1711605929220 1.1850378041795195 0
1711605929221 1.1811206982101532 0
1711605929222 1.1762853586103326 0
1711605929223 1.1715640538850665 0
1711605929224 1.168314426043939 0
1711605929225 1.1644208114618748 0
1711605929226 1.1604044444711565 0
1711605929226 1.157060675717132 0
1711605929227 1.153761822037604 0
1711605929229 1.1501155740977183 0
1711605929229 1.1471589320448123 0
1711605929231 1.144142715057416 0
1711605929231 1.1410820210511512 0
1711605929232 1.138241257615558 0
1711605929233 1.1348914045713454 0
1711605929234 1.13098859568295 0
1711605929235 1.1274319388167886 0
1711605929236 1.1245648711940908 0
1711605929237 1.1216172209231614 0
1711605929238 1.1189574425582887 0
1711605929239 1.1165947140190224 0
1711605929240 1.1138973644640011 0
1711605929240 1.1116702104893288 0
1711605929241 1.108703531769611 0
1711605929242 1.1056187792696721 0
1711605929243 1.1036957394819502 0
1711605929244 1.101341624148629 0
1711605929245 1.099685634241605 0
1711605929246 1.0979476911683224 0
1711605929247 1.0952558387574274 0
1711605929248 1.0933896283810869 0
1711605929249 1.0918767036150416 0
1711605929250 1.090144545550504 0
1711605929250 1.0885208074460326 0
1711605929251 1.0867077071737101 0
1711605929252 1.0854924625976818 0
1711605929253 1.0839168521702947 0
1711605929254 1.0826299731212738 0
1711605929255 1.080975905163082 0
1711605929256 1.0791372565952373 0
1711605929256 1.0776011119742555 0
1711605929257 1.075785325594946 0
1711605929258 1.074455119989537 0
1711605929259 1.0731378119418287 0
1711605929260 1.0718532720751959 0
1711605929261 1.0699314479694704 0
1711605929262 1.0685062989865477 0
1711605929263 1.0672023915417574 0
1711605929263 1.0653608645390638 0
1711605929264 1.0636213195284285 0
1711605929265 1.062456384336909 0
1711605929266 1.0615861608429968 0
1711605929267 1.059797863869618 0
1711605929268 1.0575696384655076 0
1711605929269 1.0561351652803803 0
1711605929269 1.0552418713015532 0
1711605929270 1.0543848793825616 0
1711605929271 1.0535883327610212 0
1711605929272 1.0519982082400015 0
1711605929273 1.0510706134045553 0
1711605929274 1.0490682279210504 0
1711605929275 1.048180737693347 0
1711605929276 1.047365283596717 0
1711605929277 1.0459719714677822 0
1711605929278 1.0444340747296665 0
