1711605986055 1.7855733977886388 0
1711605986056 1.6912277233977033 0
1711605986057 1.6068398169165992 0
1711605986058 1.5419703698677871 0
1711605986059 1.483993801929983 0
1711605986060 1.4345537948573066 0
1711605986061 1.3934329754459447 0
1711605986062 1.3588154692402843 0
1711605986063 1.3295640487484146 0
1711605986063 1.3054875479525683 0
1711605986064 1.284386937159932 0
1711605986065 1.266747839744628 0
1711605986066 1.248922498033074 0
1711605986067 1.2332394280029797 0
1711605986068 1.2191207188020299 0
1711605986069 1.2061115407810554 0
1711605986070 1.1961952239251867 0
1711605986071 1.1862598891994671 0
1711605986072 1.1747358183025085 0
1711605986073 1.1685360345676816 0
1711605986074 1.15828659252734 0
1711605986075 1.1502735913085151 0
1711605986076 1.1411217635460822 0
1711605986076 1.1360699090836581 0
1711605986077 1.1302543860713252 0
1711605986078 1.125820903891869 0
1711605986079 1.1202737805127332 0
1711605986080 1.113896016348151 0
1711605986081 1.1086192628524378 0
1711605986082 1.104279198690786 0
1711605986083 1.1001885265766103 0
1711605986084 1.0943929971476505 0
1711605986085 1.0902380567178966 0
1711605986086 1.0856060716784586 0
1711605986087 1.0829121791393617 0
1711605986088 1.080227616584102 0
1711605986089 1.0772079866931252 0
1711605986089 1.0735286501134076 0
1711605986090 1.0705231947171956 0
1711605986091 1.0671381510849032 0
1711605986092 1.0650292130425199 0
1711605986093 1.0620371988810446 0
1711605986094 1.0590477154369204 0
1711605986095 1.0564242995052702 0
1711605986096 1.0541014363213248 0
1711605986097 1.0509875411434602 0
1711605986098 1.0482922458103683 0
1711605986098 1.045955153803307 0
1711605986099 1.0438302837816442 0
1711605986100 1.0397386639564243 0
1711605986101 1.0376818662568867 0
1711605986102 1.0359158816509826 0
1711605986103 1.0338698002583704 0
1711605986104 1.0312547700373547 0
1711605986105 1.0294115792841418 0
1711605986106 1.0277666100480916 0
1711605986107 1.0247889660681173 0
1711605986108 1.0212347901175558 0
1711605986108 1.0190898561910497 0
1711605986109 1.0186034870686427 0
1711605986110 1.0162828306311897 0
1711605986111 1.0151065407169084 0
1711605986112 1.012676922711853 0
1711605986113 1.0090577700197894 0
1711605986114 1.0086385314002269 0
1711605986115 1.0071385582374814 0
1711605986116 1.0056762967569532 0
1711605986117 1.0053275613541668 0
1711605986118 1.0032528646458523 0
1711605986118 1.0020492251533448 0
1711605986119 1.0015076847439037 0
1711605986120 0.9991186878245317 0
1711605986122 0.9963487756640526 0
1711605986123 0.9942698942474405 0
1711605986124 0.993463002595909 0
1711605986125 0.992943175647387 0
1711605986127 0.9925883797127314 0
1711605986128 0.9921468781088137 0
1711605986129 0.9899553158419142 0
1711605986130 0.9881990146175306 0
1711605986131 0.9877380078470878 0
1711605986132 0.987102046075436 0
1711605986132 0.9836970864134722 0
1711605986133 0.9831715669780385 0
1711605986134 0.981007965541636 0
1711605986135 0.9805863307412591 0
1711605986136 0.9795113831643314 0
1711605986137 0.9783247247529794 0
1711605986138 0.9751111519688058 0
1711605986139 0.9730994738396597 0
1711605986140 0.9725934253981033 0
1711605986141 0.9705306817989272 0
1711605986142 0.9700936209663088 0
1711605986142 0.9669612361075979 0
1711605986143 0.9650533203714348 0
1711605986144 0.9635205576555609 0
1711605986145 0.9628123615333576 0
1711605986146 0.9619853920253708 0
1711605986147 0.960707831497042 0
1711605986148 0.9598795065591118 0
