1711605989693 1.7859132162077764 0
1711605989695 1.6917543818815381 0
1711605989696 1.6073379712093232 0
1711605989697 1.5433817207374747 0
1711605989698 1.4839716214090874 0
1711605989699 1.4336029084183908 0
1711605989701 1.3937655648166998 0
1711605989702 1.3602838818970973 0
1711605989703 1.330503135236015 0
1711605989704 1.3059034694825982 0
1711605989705 1.283155983197967 0
1711605989706 1.265561872401956 0
1711605989707 1.2492566600964428 0
1711605989708 1.234141582527196 0
1711605989710 1.217882757869331 0
1711605989711 1.2068423263740977 0
1711605989712 1.1960260880783034 0
1711605989713 1.1863385595829223 0
1711605989714 1.1777894527781718 0
1711605989715 1.1704313918588172 0
1711605989717 1.1610452430312181 0
1711605989718 1.155304286134719 0
1711605989719 1.1488726856443285 0
1711605989720 1.1442570868794002 0
1711605989722 1.1358070702948546 0
1711605989723 1.1284784922729731 0
1711605989724 1.1226359160401098 0
1711605989726 1.118683473139559 0
1711605989727 1.1127498722494586 0
1711605989728 1.1088760594211702 0
1711605989729 1.1050051166414123 0
1711605989731 1.101205310174606 0
1711605989732 1.0984661671780165 0
1711605989733 1.0938152495574034 0
1711605989734 1.0903944733680486 0
1711605989736 1.088681273792446 0
1711605989737 1.085097556561056 0
1711605989739 1.0805794794852914 0
1711605989740 1.0779022099354654 0
1711605989741 1.074237932039726 0
1711605989743 1.0702746552429774 0
1711605989744 1.0679961312081276 0
1711605989746 1.0655596676846149 0
1711605989747 1.0610723079824027 0
1711605989748 1.0587883048444384 0
1711605989750 1.0566722601095777 0
1711605989751 1.0544054210252851 0
1711605989752 1.0520955227314714 0
1711605989754 1.0487322410317834 0
1711605989755 1.0457375424020916 0
1711605989756 1.0435791157556382 0
1711605989757 1.0405514014293435 0
1711605989759 1.0382151440812528 0
1711605989760 1.034685259968882 0
1711605989761 1.031625279807068 0
1711605989762 1.0294552854981802 0
1711605989764 1.0272258519223416 0
1711605989765 1.0257499624264672 0
1711605989766 1.0246907663560356 0
1711605989767 1.0240292608486086 0
1711605989772 1.0224965357765121 0
1711605989774 1.021644555628464 0
1711605989775 1.0207227415306594 0
1711605989776 1.0165701660508182 0
1711605989778 1.0148189360703008 0
1711605989779 1.0138213502112352 0
1711605989784 1.0129309972596585 0
1711605989785 1.010880415523979 0
1711605989786 1.0075951401582453 0
1711605989787 1.0038900219008373 0
1711605989792 1.0015515757251874 0
1711605989794 1.0004297235734916 0
1711605989804 0.9993833769753122 0
1711605989808 0.999030084077523 0
1711605989809 0.9968092269803626 0
1711605989810 0.9963057898050803 0
1711605989812 0.9940521350348341 0
1711605989813 0.9913654391744334 0
1711605989815 0.9879756830192493 0
1711605989816 0.9849230202964921 0
1711605989817 0.9835877922328332 0
1711605989819 0.9824977362059034 0
1711605989820 0.9816530097302754 0
1711605989821 0.9788728202407531 0
1711605989822 0.9751762826977832 0
1711605989823 0.9723431477927462 0
1711605989825 0.9708461937559035 0
1711605989826 0.9699383891089596 0
1711605989827 0.9686506934284613 0
1711605989829 0.9669657524577518 0
1711605989830 0.9651712559101372 0
1711605989831 0.9627216505442876 0
1711605989833 0.9607309547578953 0
1711605989834 0.9591403240368539 0
1711605989835 0.9573241021153908 0
1711605989836 0.9546743000387681 0
1711605989838 0.9524023279844013 0
1711605989839 0.9502240006693389 0
1711605989841 0.9479638601483069 0
1711605989842 0.9472027493619399 0
