1711605891365 1.8874842199778643 0
1711605891366 1.874328870455698 0
1711605891367 1.861466152635711 0
1711605891368 1.848693023699941 0
1711605891369 1.836262978086985 0
1711605891370 1.8240846199661906 0
1711605891371 1.8125467852165449 0
1711605891371 1.8010097336017366 0
1711605891372 1.789498111043213 0
1711605891373 1.7777078099816441 0
1711605891374 1.7666516749981311 0
1711605891375 1.7558861882438137 0
1711605891376 1.7452928031682717 0
1711605891377 1.7348682744836852 0
1711605891378 1.724688461241763 0
1711605891379 1.7138209902148132 0
1711605891380 1.7039747264653553 0
1711605891381 1.6941172083798626 0
1711605891382 1.6846411803786623 0
1711605891383 1.6756112724571504 0
1711605891384 1.6664655487736384 0
1711605891385 1.6574443194490782 0
1711605891386 1.6486196945614564 0
1711605891387 1.6398981317226995 0
1711605891388 1.6314025266153565 0
1711605891388 1.6228210229930073 0
1711605891389 1.6144749599984392 0
1711605891390 1.6063553925158696 0
1711605891391 1.5978797564359943 0
1711605891392 1.5895194237951042 0
1711605891393 1.5812194373959316 0
1711605891394 1.5731883840852605 0
1711605891395 1.5651575482803826 0
1711605891396 1.5576889717780398 0
1711605891397 1.5500060112130256 0
1711605891398 1.5425356132298855 0
1711605891399 1.5351310468774488 0
1711605891400 1.5278484355670872 0
1711605891401 1.5206464208388333 0
1711605891402 1.5137906913267227 0
1711605891402 1.506886274302942 0
1711605891403 1.5001685785030645 0
1711605891404 1.493535442333711 0
1711605891405 1.4869681740940488 0
1711605891406 1.4805522234127642 0
1711605891407 1.4741027771876063 0
1711605891408 1.4678717996948527 0
1711605891409 1.461824553095703 0
1711605891410 1.4558014725283448 0
1711605891411 1.4498292477128807 0
1711605891412 1.4438742847933008 0
1711605891413 1.4379060568623494 0
1711605891414 1.4323300958379772 0
1711605891415 1.4266302604744612 0
1711605891416 1.4210625480662227 0
1711605891417 1.4155387347493258 0
1711605891418 1.4102364167151045 0
1711605891419 1.4051120516916804 0
1711605891420 1.4000617463186575 0
1711605891421 1.394985211778305 0
1711605891421 1.390139100974208 0
1711605891422 1.3854585744771175 0
1711605891423 1.380608593328017 0
1711605891424 1.3759626342017466 0
1711605891425 1.3714095414912453 0
1711605891426 1.3669627948242926 0
1711605891427 1.362711416160641 0
1711605891428 1.3582191662643925 0
1711605891429 1.3539765481879145 0
1711605891430 1.3498290555001116 0
1711605891431 1.345646133886419 0
1711605891432 1.3415877660432545 0
1711605891433 1.337682331859134 0
1711605891434 1.3337000470913745 0
1711605891435 1.3297049792933344 0
1711605891436 1.325827866415872 0
1711605891437 1.3220038017436258 0
1711605891438 1.318427771824445 0
1711605891439 1.3146142948939827 0
1711605891440 1.3110721330319892 0
1711605891441 1.3075390690238298 0
1711605891442 1.304032693081614 0
1711605891443 1.300635187855156 0
1711605891444 1.2974126177121728 0
1711605891444 1.2939586812848887 0
1711605891445 1.29060208895289 0
1711605891447 1.2872968661633277 0
1711605891448 1.2841583661712532 0
1711605891449 1.28113885059945 0
1711605891450 1.2778882721200675 0
1711605891452 1.2747313680556702 0
1711605891453 1.2716524644561475 0
1711605891454 1.2686082562891219 0
1711605891455 1.2656957618498441 0
1711605891456 1.2628987206699467 0
1711605891457 1.2599726434279162 0
1711605891458 1.2570485102618008 0
1711605891459 1.254278736255502 0
1711605891459 1.2516256720036183 0
1711605891460 1.2489127890956038 0
