1711605951390 1.83572597557266 0
1711605951391 1.7738464790563562 0
1711605951393 1.7232012204805833 0
1711605951394 1.6732928146693342 0
1711605951395 1.6253542797533787 0
1711605951396 1.5825675422156464 0
1711605951397 1.5448500297014547 0
1711605951398 1.5100344180251652 0
1711605951399 1.477272719054308 0
1711605951400 1.447505961308232 0
1711605951401 1.4202613460980966 0
1711605951401 1.3945720574368747 0
1711605951402 1.3712280197052629 0
1711605951403 1.3498775772726879 0
1711605951404 1.330431407161038 0
1711605951405 1.3111583950378563 0
1711605951406 1.2939301724504968 0
1711605951407 1.2780605213015692 0
1711605951408 1.2632385728197186 0
1711605951409 1.2501213388775947 0
1711605951409 1.2361509041733263 0
1711605951410 1.224804609048458 0
1711605951411 1.2128628589196393 0
1711605951412 1.2020733806927066 0
1711605951413 1.1924652058396648 0
1711605951414 1.1825595473167743 0
1711605951415 1.1738640085672474 0
1711605951416 1.1636300787508898 0
1711605951417 1.1553042882691544 0
1711605951418 1.1479218413311763 0
1711605951419 1.1415609897353214 0
1711605951420 1.1339883071548886 0
1711605951421 1.1276722952246998 0
1711605951421 1.120860340218784 0
1711605951422 1.113990826569121 0
1711605951423 1.1087074073803413 0
1711605951424 1.1041568173334881 0
1711605951425 1.0990465754880412 0
1711605951426 1.093664957058138 0
1711605951427 1.0872997325655807 0
1711605951428 1.0823917786061719 0
1711605951428 1.0780743545917735 0
1711605951429 1.07303037478347 0
1711605951430 1.0681859726455947 0
1711605951431 1.0630638256547926 0
1711605951432 1.060087146230232 0
1711605951433 1.0559541973183222 0
1711605951434 1.052530954158995 0
1711605951435 1.0482879961917717 0
1711605951436 1.0445108572784567 0
1711605951436 1.039968105583183 0
1711605951437 1.0370832372947096 0
1711605951438 1.0336919701381346 0
1711605951439 1.0306763112479997 0
1711605951440 1.0279359948981832 0
1711605951441 1.024876822094885 0
1711605951442 1.0203696949630858 0
1711605951443 1.0173966643551013 0
1711605951443 1.0142761266941593 0
1711605951444 1.0110252705979443 0
1711605951445 1.008114416122211 0
1711605951446 1.0064705371647726 0
1711605951447 1.002715110813529 0
1711605951448 0.9996895668503699 0
1711605951449 0.9972551248042898 0
1711605951450 0.9946841651946678 0
1711605951451 0.9927262365652695 0
1711605951452 0.9901066043096072 0
1711605951453 0.9878165139555528 0
1711605951454 0.9853608661887945 0
1711605951454 0.9828859387054243 0
1711605951455 0.9802456181241851 0
1711605951456 0.9782019694934524 0
1711605951457 0.9765710241067457 0
1711605951458 0.9756454303047283 0
1711605951459 0.9726440107790748 0
1711605951460 0.9707991665328828 0
1711605951461 0.9689950576161227 0
1711605951462 0.9672327067484489 0
1711605951463 0.9656535265144823 0
1711605951464 0.963317452597201 0
1711605951465 0.9615373828273241 0
1711605951466 0.960164297723213 0
1711605951467 0.9595145497025386 0
1711605951468 0.9576528870027194 0
1711605951469 0.9546620265609758 0
1711605951470 0.9529246891142814 0
1711605951471 0.9523994238641105 0
1711605951472 0.949856440253014 0
1711605951473 0.9477973479078332 0
1711605951475 0.9461775236956651 0
1711605951476 0.9455633264069044 0
1711605951478 0.942268439902011 0
1711605951479 0.9409537414633408 0
1711605951481 0.9394176332389264 0
1711605951482 0.938314022366601 0
1711605951484 0.9372010493918765 0
1711605951485 0.9366152082762913 0
1711605951486 0.9352074107423661 0
1711605951487 0.9336742273095565 0
