1711605961780 1.8097585189392227 0
1711605961781 1.7353792069782212 0
1711605961783 1.6691747505572516 0
1711605961784 1.6131000076463549 0
1711605961785 1.56609001995045 0
1711605961786 1.529225726044742 0
1711605961786 1.4939823844622342 0
1711605961787 1.4660480798195923 0
1711605961788 1.443099093478357 0
1711605961789 1.4247957483094453 0
1711605961790 1.4067907070397911 0
1711605961791 1.3891088516272636 0
1711605961792 1.3751726983644272 0
1711605961793 1.3629798001672673 0
1711605961794 1.3524381869662743 0
1711605961795 1.3444170465067966 0
1711605961795 1.3339537609042205 0
1711605961796 1.325172457338824 0
1711605961797 1.3177579566637427 0
1711605961798 1.3127817183737998 0
1711605961799 1.3052225839221532 0
1711605961800 1.2959572920635638 0
1711605961801 1.2893565266310603 0
1711605961802 1.2843335833560372 0
1711605961803 1.2800294853389769 0
1711605961804 1.2755400406894586 0
1711605961805 1.2708603867436714 0
1711605961806 1.267186109875863 0
1711605961807 1.2621590373229707 0
1711605961808 1.2586066843491976 0
1711605961809 1.2528886973907274 0
1711605961809 1.2498027584882656 0
1711605961810 1.2467931905222647 0
1711605961811 1.2430247424486303 0
1711605961812 1.2397737323764264 0
1711605961813 1.2372843112346952 0
1711605961814 1.2350931472528637 0
1711605961815 1.2321575470252422 0
1711605961816 1.2300463018575525 0
1711605961817 1.2276172605729696 0
1711605961818 1.2250424297805669 0
1711605961819 1.2219694330427726 0
1711605961820 1.2202078835629055 0
1711605961821 1.2178443653099662 0
1711605961822 1.2161355372012659 0
1711605961823 1.2147135783625045 0
1711605961824 1.2125356035601895 0
1711605961825 1.2109629543626255 0
1711605961825 1.2092298447701397 0
1711605961826 1.2078953770559389 0
1711605961827 1.2060316515376082 0
1711605961828 1.2044379598881587 0
1711605961829 1.2031616705656127 0
1711605961830 1.2013380554978665 0
1711605961831 1.1991330375828866 0
1711605961832 1.1982577805609116 0
1711605961833 1.196759367637555 0
1711605961834 1.1951884917420572 0
1711605961835 1.1933708772536105 0
1711605961837 1.1914868238605265 0
1711605961838 1.1907496014500054 0
1711605961839 1.190090840669852 0
1711605961840 1.1884650819667857 0
1711605961841 1.1872298212817463 0
1711605961842 1.1866339523295422 0
1711605961842 1.1856704461683067 0
1711605961843 1.1845328957909498 0
1711605961844 1.1841042277442373 0
1711605961845 1.1835326850625476 0
1711605961846 1.181953647922316 0
1711605961847 1.1808519074803405 0
1711605961849 1.1799240511082267 0
1711605961850 1.1788695243913847 0
1711605961851 1.1785613772264605 0
1711605961852 1.1775235168353382 0
1711605961852 1.176465329744489 0
1711605961853 1.176194419074171 0
1711605961854 1.1752534102740455 0
1711605961855 1.1743862354643324 0
1711605961856 1.1734282348563534 0
1711605961857 1.173028917506577 0
1711605961858 1.1721958238727637 0
1711605961859 1.1709798082954992 0
1711605961860 1.1703079239058076 0
1711605961861 1.1684191412196918 0
1711605961861 1.168203800611662 0
1711605961862 1.1673015481960445 0
1711605961863 1.1667042650815886 0
1711605961864 1.1654951673893077 0
1711605961865 1.1640141168982312 0
1711605961866 1.16374272403337 0
1711605961867 1.1630465148608429 0
1711605961868 1.1622967927582586 0
1711605961869 1.1615083030520688 0
1711605961869 1.1607590891562631 0
1711605961870 1.1596814902236912 0
1711605961871 1.1587489478947528 0
1711605961872 1.1573232838929537 0
1711605961873 1.1559687507656782 0
1711605961874 1.1556611038119582 0
