1711605925416 1.8527160934473739 0
1711605925417 1.8018544838420232 0
1711605925419 1.7566194853012616 0
1711605925420 1.7199032200039666 0
1711605925422 1.6861749044167484 0
1711605925423 1.650406767143058 0
1711605925425 1.6209578706729013 0
1711605925427 1.5915574191698874 0
1711605925428 1.5646384171867953 0
1711605925430 1.5388034241818243 0
1711605925431 1.5157786479350719 0
1711605925433 1.493980823483031 0
1711605925435 1.4742941407894634 0
1711605925436 1.4565356373044396 0
1711605925437 1.4398702524498745 0
1711605925438 1.4241771340992835 0
1711605925439 1.4097269939604773 0
1711605925440 1.3963413291228073 0
1711605925441 1.3845286785042654 0
1711605925441 1.3725668464782936 0
1711605925442 1.362723399416383 0
1711605925443 1.351995937050981 0
1711605925444 1.3428335752926983 0
1711605925445 1.3335916364841858 0
1711605925446 1.3258389682660394 0
1711605925447 1.3181717654803426 0
1711605925448 1.3102799914755432 0
1711605925449 1.3032536509861365 0
1711605925450 1.2972371399579437 0
1711605925451 1.2908852195035765 0
1711605925452 1.2849039747218038 0
1711605925453 1.279188925645782 0
1711605925453 1.2731901136926658 0
1711605925454 1.2686070768636386 0
1711605925455 1.2637483425265101 0
1711605925456 1.2588547689813123 0
1711605925457 1.254489572652489 0
1711605925458 1.2501593707835423 0
1711605925459 1.2452424950611236 0
1711605925460 1.24171206996553 0
1711605925461 1.2385614722557048 0
1711605925461 1.234708900888268 0
1711605925462 1.2321593650299916 0
1711605925463 1.2288267849880465 0
1711605925464 1.225213289435741 0
1711605925465 1.2210589004903303 0
1711605925466 1.2184211366649735 0
1711605925467 1.2161035481709432 0
1711605925468 1.213109233202908 0
1711605925469 1.210382006883849 0
1711605925469 1.2086477887444516 0
1711605925470 1.2056136948108913 0
1711605925471 1.2022555315343333 0
1711605925472 1.199507755602364 0
1711605925473 1.1972733826192055 0
1711605925474 1.1954719453383225 0
1711605925475 1.1931346282278894 0
1711605925476 1.190849062674202 0
1711605925476 1.1885859186950838 0
1711605925477 1.1871172916325459 0
1711605925478 1.1852273730110434 0
1711605925479 1.1835722922435679 0
1711605925480 1.1816387479941646 0
1711605925481 1.1800074566986105 0
1711605925482 1.1779748608930334 0
1711605925483 1.1762389783903655 0
1711605925484 1.1737206811244314 0
1711605925485 1.1710873001603788 0
1711605925486 1.1696360998574185 0
1711605925487 1.1677480397636268 0
1711605925488 1.1665034821150875 0
1711605925489 1.1650647202713156 0
1711605925490 1.163364477449424 0
1711605925491 1.1619944491249155 0
1711605925491 1.1606016990341415 0
1711605925492 1.158807459272534 0
1711605925493 1.1573517335866081 0
1711605925494 1.1555252673501812 0
1711605925495 1.1545097884099642 0
1711605925496 1.15257219017176 0
1711605925497 1.1511112355029618 0
1711605925498 1.150112315466825 0
1711605925499 1.1489002541943665 0
1711605925499 1.1476635348700606 0
1711605925500 1.1466626595861016 0
1711605925501 1.1453961087959599 0
1711605925502 1.1441783976601712 0
1711605925503 1.1431840430579516 0
1711605925504 1.1423563872075184 0
1711605925505 1.1415125010992186 0
1711605925506 1.1401517936960979 0
1711605925506 1.1389463280895806 0
1711605925507 1.1377942626983075 0
1711605925508 1.136759930903954 0
1711605925509 1.1362164234766055 0
1711605925510 1.1350910723836087 0
1711605925511 1.133984199074158 0
1711605925512 1.1335170127163217 0
1711605925513 1.1326257563101658 0
1711605925514 1.1319499431570403 0
