1711605895016 1.887587444330062 0
1711605895017 1.8747021557549004 0
1711605895018 1.8622729938368257 0
1711605895019 1.8495896944590762 0
1711605895020 1.8374055391379593 0
1711605895021 1.8256384314480956 0
1711605895022 1.813550124371819 0
1711605895023 1.8017285267211347 0
1711605895024 1.7899891329416882 0
1711605895025 1.7789037338035698 0
1711605895026 1.7678627566896536 0
1711605895026 1.7572032083438525 0
1711605895027 1.7466002821512678 0
1711605895028 1.735657666630859 0
1711605895029 1.7253368878796533 0
1711605895030 1.7154191272104173 0
1711605895031 1.7050985258752815 0
1711605895032 1.6954215955834957 0
1711605895032 1.6854255839692442 0
1711605895033 1.6762860818490566 0
1711605895034 1.6672635650430798 0
1711605895035 1.6579332286827548 0
1711605895036 1.6492721739738923 0
1711605895037 1.6400159869773925 0
1711605895038 1.6315695005998296 0
1711605895038 1.6230004389737913 0
1711605895039 1.6150567000876728 0
1711605895040 1.6069154360614353 0
1711605895041 1.5989232529160566 0
1711605895042 1.5907467010555938 0
1711605895043 1.5831909104792226 0
1711605895044 1.575985857318292 0
1711605895044 1.5680787823688307 0
1711605895045 1.5607569445152183 0
1711605895046 1.5537515157471478 0
1711605895047 1.5466645778245518 0
1711605895048 1.539635243581251 0
1711605895049 1.5327897593704656 0
1711605895050 1.525819062321277 0
1711605895051 1.5186805231315224 0
1711605895052 1.5120151033464526 0
1711605895053 1.50532894280643 0
1711605895053 1.498525068389087 0
1711605895054 1.4917833293792244 0
1711605895055 1.485181219784446 0
1711605895056 1.4792828095257677 0
1711605895057 1.472973186399476 0
1711605895058 1.4667650537084413 0
1711605895059 1.4608552589132708 0
1711605895059 1.454757888800087 0
1711605895060 1.448972009476492 0
1711605895061 1.4431758853991865 0
1711605895062 1.4375190975370136 0
1711605895063 1.4316277121165923 0
1711605895064 1.4260309641142603 0
1711605895065 1.42088651638612 0
1711605895065 1.4155210816791395 0
1711605895066 1.4101729820118725 0
1711605895067 1.404805070755271 0
1711605895069 1.3997129765559368 0
1711605895070 1.3945993881376748 0
1711605895071 1.3897906421638222 0
1711605895071 1.3850033655049412 0
1711605895072 1.380069580920202 0
1711605895073 1.375533343329922 0
1711605895074 1.3710000804994682 0
1711605895075 1.3663561329938956 0
1711605895076 1.3618063855067135 0
1711605895077 1.3571988341601144 0
1711605895077 1.3528346369149145 0
1711605895078 1.3484234523236935 0
1711605895079 1.3441645065552768 0
1711605895080 1.3402666130542065 0
1711605895081 1.3361938622704639 0
1711605895082 1.3321274782782484 0
1711605895083 1.3282015499089388 0
1711605895083 1.3243538881398287 0
1711605895085 1.3207232463166132 0
1711605895086 1.3170398480743717 0
1711605895087 1.31332577929444 0
1711605895088 1.3097385358260663 0
1711605895088 1.3063294269707408 0
1711605895089 1.3028650777684465 0
1711605895090 1.2993576458925225 0
1711605895091 1.2959037237093307 0
1711605895092 1.292704301205292 0
1711605895093 1.2894391059869053 0
1711605895094 1.2861213063385895 0
1711605895095 1.2828961790070905 0
1711605895095 1.2797138367248622 0
1711605895096 1.276757990080755 0
1711605895097 1.273698697875491 0
1711605895098 1.2707419770522796 0
1711605895099 1.2678149095011022 0
1711605895100 1.2649700953315928 0
1711605895101 1.2619466846390672 0
1711605895101 1.2591534963909568 0
1711605895102 1.2563357107928321 0
1711605895103 1.2533668154856616 0
1711605895104 1.250499284330539 0
