1711605849022 1.8912660986904257 0
1711605849023 1.8819395776786745 0
1711605849024 1.8727703990459248 0
1711605849026 1.8637836870679665 0
1711605849026 1.8563103415865725 0
1711605849027 1.8476400856890758 0
1711605849028 1.8391369996430524 0
1711605849029 1.8301322180182749 0
1711605849030 1.8219295857409696 0
1711605849031 1.814161243934404 0
1711605849032 1.8062376426232527 0
1711605849033 1.7984721336063054 0
1711605849033 1.7922361920221752 0
1711605849034 1.7840880246546056 0
1711605849035 1.7767561815997022 0
1711605849036 1.7688646713825242 0
1711605849037 1.7611302022186681 0
1711605849038 1.7535496489911717 0
1711605849039 1.7467295875448785 0
1711605849040 1.7400265290313315 0
1711605849041 1.7328671873449948 0
1711605849042 1.7264143805916092 0
1711605849044 1.719478504021245 0
1711605849045 1.712680506866645 0
1711605849046 1.7065293617504729 0
1711605849047 1.6999701976717396 0
1711605849049 1.6935392708393013 0
1711605849050 1.6877274440802514 0
1711605849051 1.6821155365457292 0
1711605849052 1.6760883067777452 0
1711605849053 1.6701788456853401 0
1711605849054 1.6647788031402797 0
1711605849056 1.6589767869364762 0
1711605849057 1.6533058848444897 0
1711605849058 1.648150093962373 0
1711605849059 1.6426318266739073 0
1711605849060 1.6377115974325405 0
1711605849061 1.6323879979074682 0
1711605849062 1.6276032434596575 0
1711605849063 1.622559945993179 0
1711605849064 1.6176395523740434 0
1711605849065 1.6126690398936043 0
1711605849066 1.6080983954630614 0
1711605849066 1.6032930144091968 0
1711605849067 1.5985383742460755 0
1711605849068 1.5948820235039982 0
1711605849069 1.5904308133057257 0
1711605849070 1.5858995758172716 0
1711605849071 1.58159281378524 0
1711605849072 1.5773374802560156 0
1711605849072 1.5733679143581762 0
1711605849073 1.568967308098888 0
1711605849074 1.564844964236498 0
1711605849075 1.5611251843472524 0
1711605849076 1.557232902401703 0
1711605849077 1.5533195740812726 0
1711605849078 1.5492764185008199 0
1711605849078 1.5454537756471682 0
1711605849079 1.5419074134931252 0
1711605849080 1.5389763848243898 0
1711605849081 1.5353662995831232 0
1711605849082 1.5317949341078974 0
1711605849083 1.5283532102779172 0
1711605849083 1.525164933211981 0
1711605849084 1.5216011326258163 0
1711605849085 1.5188756157533805 0
1711605849086 1.5156313888055808 0
1711605849087 1.5124688705334293 0
1711605849088 1.5091748845248225 0
1711605849089 1.5062019720629771 0
1711605849089 1.503102271935697 0
1711605849091 1.5003133802553774 0
1711605849092 1.4973510037924411 0
1711605849093 1.4944925185015219 0
1711605849093 1.4914691126961628 0
1711605849094 1.4887682822512396 0
1711605849095 1.4858665219153235 0
1711605849096 1.4831371726306197 0
1711605849097 1.48051020792994 0
1711605849098 1.4779125160890147 0
1711605849098 1.4752501303971368 0
1711605849099 1.4727165090185166 0
1711605849100 1.4700805590958275 0
1711605849101 1.4674138878763237 0
1711605849102 1.465075665461374 0
1711605849103 1.4626238729554353 0
1711605849104 1.4602125447113687 0
1711605849104 1.4576744920568927 0
1711605849105 1.4553895994286177 0
1711605849106 1.4535704970687258 0
1711605849107 1.451279103881079 0
1711605849108 1.449044976624191 0
1711605849109 1.44668908680697 0
1711605849110 1.4444031893858231 0
1711605849111 1.4422471840019888 0
1711605849112 1.4400436187560208 0
1711605849113 1.4378837743545152 0
1711605849114 1.4358309508428955 0
1711605849115 1.4337471902405825 0
1711605849117 1.4318157151615296 0
