1711605922114 1.8482486975318597 0
1711605922116 1.8008728840205939 0
1711605922117 1.754652367695482 0
1711605922117 1.7159427912009482 0
1711605922118 1.6765839587328861 0
1711605922119 1.6408265110372207 0
1711605922120 1.6083723608931297 0
1711605922121 1.5795507802535704 0
1711605922122 1.552392454555997 0
1711605922123 1.5281824821064094 0
1711605922124 1.50661110047187 0
1711605922125 1.4858312380924137 0
1711605922126 1.4684305316244062 0
1711605922127 1.451015818993453 0
1711605922128 1.435463610888984 0
1711605922129 1.4199815985564996 0
1711605922130 1.4062122014325544 0
1711605922131 1.3938787451314332 0
1711605922132 1.3818849010735341 0
1711605922133 1.370051570582052 0
1711605922134 1.3597763385854875 0
1711605922135 1.3491707668223831 0
1711605922136 1.340165038710971 0
1711605922137 1.3307663423068807 0
1711605922138 1.321797280750953 0
1711605922139 1.313828150286787 0
1711605922140 1.3057846911089075 0
1711605922141 1.2999080156053917 0
1711605922141 1.293502161111707 0
1711605922142 1.287200617018463 0
1711605922143 1.2819671691109036 0
1711605922144 1.2768323642613149 0
1711605922145 1.2717500923967193 0
1711605922146 1.2673786400781255 0
1711605922147 1.2615425560622928 0
1711605922148 1.2562382970240986 0
1711605922149 1.2518892925592269 0
1711605922150 1.248113343536655 0
1711605922151 1.243752763498059 0
1711605922152 1.2400922687663127 0
1711605922153 1.2365767290783356 0
1711605922154 1.2329860432163395 0
1711605922155 1.2299269348998925 0
1711605922156 1.227068356827622 0
1711605922157 1.2236731263979879 0
1711605922158 1.220754428113902 0
1711605922159 1.2173985244686605 0
1711605922159 1.213975137147368 0
1711605922160 1.2114818507089822 0
1711605922161 1.2095339715726032 0
1711605922162 1.205960328142073 0
1711605922163 1.2026327879382932 0
1711605922164 1.2001598397727604 0
1711605922165 1.197850357443642 0
1711605922166 1.194718231812558 0
1711605922167 1.1922626349404823 0
1711605922168 1.1902363527803324 0
1711605922169 1.1882692193605857 0
1711605922170 1.1861640258451023 0
1711605922171 1.1843154183430502 0
1711605922172 1.1829591551672218 0
1711605922173 1.181399465862906 0
1711605922174 1.1792146094773286 0
1711605922175 1.177467011707661 0
1711605922176 1.1753219993385653 0
1711605922177 1.1732584843813045 0
1711605922178 1.1717357727855113 0
1711605922179 1.170583304466668 0
1711605922180 1.1689663279864821 0
1711605922181 1.1675507033541372 0
1711605922182 1.16546500129581 0
1711605922183 1.1642567076928154 0
1711605922184 1.1630983983637857 0
1711605922185 1.1619032602381045 0
1711605922186 1.1603690196222147 0
1711605922187 1.1588207691090802 0
1711605922188 1.1577724410705759 0
1711605922189 1.1565613982446137 0
1711605922190 1.1556894091704486 0
1711605922191 1.154076494145794 0
1711605922192 1.1528761357184634 0
1711605922193 1.1505295214035869 0
1711605922194 1.1493639115813055 0
1711605922194 1.148738414887468 0
1711605922195 1.147822584606998 0
1711605922196 1.1462667694092226 0
1711605922197 1.1451305686851938 0
1711605922198 1.1445249935417094 0
1711605922199 1.143361177998197 0
1711605922200 1.1426441979133524 0
1711605922201 1.1415251190734115 0
1711605922202 1.1402187456029007 0
1711605922203 1.1395679657033 0
1711605922204 1.1389745998156635 0
1711605922205 1.138023061910164 0
1711605922206 1.1371206899063202 0
1711605922207 1.1362707708233042 0
1711605922208 1.1353952987119738 0
1711605922209 1.1345719706333908 0
1711605922210 1.1332836259170793 0
