1711605936339 1.8432870875258252 0
1711605936341 1.7899976481654414 0
1711605936342 1.7404412468109367 0
1711605936343 1.695924290720939 0
1711605936344 1.6521418373973316 0
1711605936345 1.6127385072954625 0
1711605936346 1.5795863292405898 0
1711605936347 1.5462350891031806 0
1711605936347 1.5168362079764637 0
1711605936348 1.489819417797871 0
1711605936353 1.4645989545740778 0
1711605936354 1.4408902145015152 0
1711605936355 1.4200627611632477 0
1711605936356 1.4006091898400013 0
1711605936357 1.3828607804996311 0
1711605936358 1.3662871939668 0
1711605936359 1.3499159308423183 0
1711605936360 1.3354525375662727 0
1711605936361 1.3216754346664639 0
1711605936362 1.308058499734412 0
1711605936364 1.2971435697938543 0
1711605936365 1.2861679956356116 0
1711605936366 1.2762039329247934 0
1711605936367 1.2661451238312507 0
1711605936368 1.2575203817990845 0
1711605936369 1.2493409288932849 0
1711605936369 1.2416973249113514 0
1711605936370 1.2349215005956447 0
1711605936371 1.2281353823643202 0
1711605936372 1.2209283021468504 0
1711605936373 1.2147036345637239 0
1711605936374 1.209242921036347 0
1711605936375 1.2034696102008928 0
1711605936376 1.1970982919489557 0
1711605936377 1.191990990882457 0
1711605936378 1.1875471257920278 0
1711605936378 1.182225590187372 0
1711605936379 1.1777847129580483 0
1711605936380 1.1731457152723543 0
1711605936381 1.1685344206299992 0
1711605936382 1.1640748878204543 0
1711605936383 1.1608201890581216 0
1711605936384 1.1570154374300539 0
1711605936385 1.1532775853723958 0
1711605936386 1.1504894253617255 0
1711605936386 1.1477037761223623 0
1711605936387 1.1439917220476024 0
1711605936388 1.1411936624605992 0
1711605936389 1.137458375540373 0
1711605936390 1.134416496351506 0
1711605936391 1.1320230302002683 0
1711605936392 1.1283669040731985 0
1711605936393 1.1250524590820294 0
1711605936394 1.1225320557932428 0
1711605936395 1.119689478962187 0
1711605936396 1.1168332756999744 0
1711605936397 1.1141793263841075 0
1711605936398 1.1117695694674081 0
1711605936398 1.1092566214294695 0
1711605936399 1.1071964465881967 0
1711605936400 1.1048885997096864 0
1711605936401 1.1026508831090818 0
1711605936402 1.1012458915443626 0
1711605936403 1.0992282320134914 0
1711605936404 1.0970539894663682 0
1711605936405 1.0955759675120778 0
1711605936406 1.0936603575510666 0
1711605936406 1.0917442372662625 0
1711605936408 1.0899798155952838 0
1711605936409 1.088413764874888 0
1711605936410 1.0872835253587443 0
1711605936411 1.0856389553938561 0
1711605936412 1.0840029860414873 0
1711605936412 1.0823433084925154 0
1711605936413 1.0807798331791099 0
1711605936414 1.0784633155307048 0
1711605936416 1.076531810092332 0
1711605936416 1.0743160631548638 0
1711605936417 1.0730439440754507 0
1711605936418 1.0716684116724846 0
1711605936419 1.069567577682515 0
1711605936420 1.0675768380307518 0
1711605936421 1.0659156323397103 0
1711605936422 1.065102944399486 0
1711605936423 1.0638499504765866 0
1711605936423 1.0629887612728408 0
1711605936424 1.0616484402934832 0
1711605936425 1.0602890762933705 0
1711605936426 1.059562363820842 0
1711605936427 1.0581356391245005 0
1711605936428 1.0570792600281493 0
1711605936429 1.0560944563456394 0
1711605936430 1.0548057029707558 0
1711605936430 1.0530336005605017 0
1711605936431 1.051950544195141 0
1711605936432 1.0507253682367343 0
1711605936433 1.0492484972352418 0
1711605936434 1.0479346088081865 0
1711605936435 1.0468489231050457 0
1711605936436 1.046046294889754 0
